TABLE NO.  3
 ID          DV          PRED        RES         WRES
  1.0000E+00  0.0000E+00  0.0000E+00  0.0000E+00  0.0000E+00
  1.0000E+00  0.0000E+00  0.0000E+00  0.0000E+00  0.0000E+00
  1.0000E+00  5.7248E+00  1.5693E+01 -9.9680E+00 -1.5280E+00
  1.0000E+00  2.0477E+01  1.5753E+01  4.7244E+00  1.0049E+00
  1.0000E+00  1.2716E+01  1.5263E+01 -2.5476E+00 -2.2993E-01
  1.0000E+00  1.9150E+01  1.4092E+01  5.0573E+00  1.1686E+00
  1.0000E+00  1.1168E+01  1.1105E+01  6.2997E-02  2.5554E-01
  1.0000E+00  9.3564E+00  8.9074E+00  4.4903E-01  3.7851E-01
  1.0000E+00  2.2934E+00  7.2906E+00 -4.9972E+00 -1.3728E+00
  1.0000E+00  8.8020E-01  5.2202E+00 -4.3400E+00 -1.5722E+00
  1.0000E+00  1.6726E+00  4.0863E+00 -2.4137E+00 -9.5590E-01
  1.0000E+00  1.8588E+00  3.0955E+00 -1.2367E+00 -4.9766E-01
  1.0000E+00  1.0057E+00  2.7449E+00 -1.7392E+00 -8.9165E-01
  1.0000E+00  1.1760E+00  2.4732E+00 -1.2972E+00 -6.6220E-01
  2.0000E+00  0.0000E+00  0.0000E+00  0.0000E+00  0.0000E+00
  2.0000E+00  0.0000E+00  0.0000E+00  0.0000E+00  0.0000E+00
  2.0000E+00  1.3530E+01  1.5693E+01 -2.1629E+00 -5.7304E-01
  2.0000E+00  3.0164E+01  1.5753E+01  1.4411E+01  2.2156E+00
  2.0000E+00  1.8371E+01  1.5263E+01  3.1077E+00  3.0161E-01
  2.0000E+00  1.8226E+01  1.4092E+01  4.1335E+00  5.2793E-01
  2.0000E+00  1.2407E+01  1.1105E+01  1.3024E+00  5.5838E-02
  2.0000E+00  1.2404E+01  8.9074E+00  3.4965E+00  7.3191E-01
  2.0000E+00  5.6843E+00  7.2906E+00 -1.6063E+00 -7.5653E-01
  2.0000E+00  3.6121E+00  5.2202E+00 -1.6081E+00 -8.9386E-01
  2.0000E+00  2.8965E+00  4.0863E+00 -1.1898E+00 -7.9669E-01
  2.0000E+00  5.0870E-01  3.0955E+00 -2.5868E+00 -1.7472E+00
  2.0000E+00  2.2370E+00  2.7449E+00 -5.0789E-01 -4.9641E-01
  2.0000E+00  0.0000E+00  2.4732E+00  0.0000E+00  0.0000E+00
  3.0000E+00  0.0000E+00  0.0000E+00  0.0000E+00  0.0000E+00
  3.0000E+00  0.0000E+00  0.0000E+00  0.0000E+00  0.0000E+00
  3.0000E+00  1.0922E+01  1.5693E+01 -4.7704E+00 -5.9546E-01
  3.0000E+00  4.8613E+00  1.5753E+01 -1.0892E+01 -1.5969E+00
  3.0000E+00  1.7500E+01  1.5263E+01  2.2373E+00  6.5268E-01
  3.0000E+00  1.2465E+01  1.4092E+01 -1.6275E+00 -3.3482E-02
  3.0000E+00  5.7959E+00  1.1105E+01 -5.3090E+00 -9.4428E-01
  3.0000E+00  9.9317E+00  8.9074E+00  1.0243E+00  5.6468E-01
  3.0000E+00  7.8084E+00  7.2906E+00  5.1779E-01  4.4809E-01
  3.0000E+00  4.8781E+00  5.2202E+00 -3.4206E-01  1.2351E-01
  3.0000E+00  5.6108E+00  4.0863E+00  1.5245E+00  1.0270E+00
  3.0000E+00  2.5797E+00  3.0955E+00 -5.1576E-01 -7.7371E-02
  3.0000E+00  1.7839E+00  2.7449E+00 -9.6099E-01 -4.0284E-01
  3.0000E+00  6.9570E-01  2.4732E+00 -1.7775E+00 -1.0203E+00
  4.0000E+00  0.0000E+00  0.0000E+00  0.0000E+00  0.0000E+00
  4.0000E+00  0.0000E+00  0.0000E+00  0.0000E+00  0.0000E+00
  4.0000E+00  4.7291E+00  1.5693E+01 -1.0964E+01 -1.5652E+00
  4.0000E+00  9.2176E+00  1.5753E+01 -6.5355E+00 -7.5419E-01
  4.0000E+00  9.7890E+00  1.5263E+01 -5.4741E+00 -5.8246E-01
  4.0000E+00  8.1229E+00  1.4092E+01 -5.9694E+00 -7.3425E-01
  4.0000E+00  1.3733E+01  1.1105E+01  2.6286E+00  9.9494E-01
  4.0000E+00  7.8663E+00  8.9074E+00 -1.0411E+00  1.0188E-01
  4.0000E+00  6.6115E+00  7.2906E+00 -6.7911E-01  1.6475E-01
  4.0000E+00  5.1700E+00  5.2202E+00 -5.0155E-02  3.4887E-01
  4.0000E+00  4.5724E+00  4.0863E+00  4.8612E-01  5.9652E-01
  4.0000E+00  2.0924E+00  3.0955E+00 -1.0031E+00 -2.8795E-01
  4.0000E+00  3.1648E+00  2.7449E+00  4.1991E-01  5.8405E-01
  4.0000E+00  1.1496E+00  2.4732E+00 -1.3236E+00 -6.2567E-01
  5.0000E+00  0.0000E+00  0.0000E+00  0.0000E+00  0.0000E+00
  5.0000E+00  0.0000E+00  0.0000E+00  0.0000E+00  0.0000E+00
  5.0000E+00  1.1530E+01  1.5693E+01 -4.1631E+00 -6.9856E-01
  5.0000E+00  9.8313E+00  1.5753E+01 -5.9218E+00 -9.8771E-01
  5.0000E+00  8.3217E+00  1.5263E+01 -6.9414E+00 -1.1930E+00
  5.0000E+00  1.0736E+01  1.4092E+01 -3.3563E+00 -6.1584E-01
  5.0000E+00  1.0659E+01  1.1105E+01 -4.4590E-01 -1.0789E-01
  5.0000E+00  1.0725E+01  8.9074E+00  1.8172E+00  4.8304E-01
  5.0000E+00  1.5760E+01  7.2906E+00  8.4695E+00  2.7351E+00
  5.0000E+00  4.8354E+00  5.2202E+00 -3.8476E-01 -2.2102E-01
  5.0000E+00  8.0296E+00  4.0863E+00  3.9433E+00  1.9249E+00
  5.0000E+00  4.4230E+00  3.0955E+00  1.3275E+00  7.2848E-01
  5.0000E+00  4.7830E+00  2.7449E+00  2.0381E+00  1.2542E+00
  5.0000E+00  5.4259E+00  2.4732E+00  2.9527E+00  1.9751E+00
  6.0000E+00  0.0000E+00  0.0000E+00  0.0000E+00  0.0000E+00
  6.0000E+00  0.0000E+00  0.0000E+00  0.0000E+00  0.0000E+00
  6.0000E+00  8.9275E+00  1.5693E+01 -6.7653E+00 -9.9353E-01
  6.0000E+00  1.3095E+01  1.5753E+01 -2.6578E+00 -2.6360E-01
  6.0000E+00  1.5897E+01  1.5263E+01  6.3365E-01  3.0672E-01
  6.0000E+00  1.5581E+01  1.4092E+01  1.4888E+00  4.8102E-01
  6.0000E+00  7.1531E+00  1.1105E+01 -3.9518E+00 -6.9917E-01
  6.0000E+00  6.1160E+00  8.9074E+00 -2.7914E+00 -5.6048E-01
  6.0000E+00  7.7861E+00  7.2906E+00  4.9549E-01  3.7734E-01
  6.0000E+00  4.1104E+00  5.2202E+00 -1.1098E+00 -2.6029E-01
  6.0000E+00  6.2565E+00  4.0863E+00  2.1702E+00  1.3000E+00
  6.0000E+00  1.1260E+00  3.0955E+00 -1.9695E+00 -1.0099E+00
  6.0000E+00  3.0808E+00  2.7449E+00  3.3591E-01  4.0179E-01
  6.0000E+00  7.2780E-01  2.4732E+00 -1.7454E+00 -1.0412E+00
  7.0000E+00  0.0000E+00  0.0000E+00  0.0000E+00  0.0000E+00
  7.0000E+00  0.0000E+00  0.0000E+00  0.0000E+00  0.0000E+00
  7.0000E+00  9.6091E+00  1.5693E+01 -6.0837E+00 -1.1125E+00
  7.0000E+00  2.4762E+01  1.5753E+01  9.0089E+00  1.4491E+00
  7.0000E+00  1.3431E+01  1.5263E+01 -1.8316E+00 -4.0250E-01
  7.0000E+00  1.8374E+01  1.4092E+01  4.2815E+00  7.1405E-01
  7.0000E+00  1.2907E+01  1.1105E+01  1.8021E+00  3.2605E-01
  7.0000E+00  5.1037E+00  8.9074E+00 -3.8037E+00 -1.1462E+00
  7.0000E+00  6.3473E+00  7.2906E+00 -9.4331E-01 -3.9871E-01
  7.0000E+00  6.3374E+00  5.2202E+00  1.1172E+00  3.8614E-01
  7.0000E+00  5.9787E+00  4.0863E+00  1.8924E+00  8.7347E-01
  7.0000E+00  4.8217E+00  3.0955E+00  1.7262E+00  9.7219E-01
  7.0000E+00  2.0920E+00  2.7449E+00 -6.5289E-01 -5.0323E-01
  7.0000E+00  1.6747E+00  2.4732E+00 -7.9849E-01 -6.2927E-01
  8.0000E+00  0.0000E+00  0.0000E+00  0.0000E+00  0.0000E+00
  8.0000E+00  0.0000E+00  0.0000E+00  0.0000E+00  0.0000E+00
  8.0000E+00  1.3490E+01  1.5693E+01 -2.2025E+00 -1.7557E-01
  8.0000E+00  8.2279E+00  1.5753E+01 -7.5252E+00 -1.0486E+00
  8.0000E+00  1.1914E+01  1.5263E+01 -3.3489E+00 -3.4347E-01
  8.0000E+00  2.0139E+01  1.4092E+01  6.0466E+00  1.3795E+00
  8.0000E+00  1.0867E+01  1.1105E+01 -2.3750E-01  2.1050E-01
  8.0000E+00  8.9232E+00  8.9074E+00  1.5825E-02  2.8027E-01
  8.0000E+00  4.7862E+00  7.2906E+00 -2.5044E+00 -5.3727E-01
  8.0000E+00  3.6712E+00  5.2202E+00 -1.5490E+00 -3.7241E-01
  8.0000E+00  9.9240E-01  4.0863E+00 -3.0939E+00 -1.2863E+00
  8.0000E+00  1.9685E+00  3.0955E+00 -1.1270E+00 -4.1974E-01
  8.0000E+00  9.3870E-01  2.7449E+00 -1.8062E+00 -9.2540E-01
  8.0000E+00  2.5800E-02  2.4732E+00 -2.4474E+00 -1.4546E+00
  9.0000E+00  0.0000E+00  0.0000E+00  0.0000E+00  0.0000E+00
  9.0000E+00  0.0000E+00  0.0000E+00  0.0000E+00  0.0000E+00
  9.0000E+00  2.3934E+00  1.5693E+01 -1.3299E+01 -2.1554E+00
  9.0000E+00  7.3454E+00  1.5753E+01 -8.4077E+00 -1.2869E+00
  9.0000E+00  1.4630E+01  1.5263E+01 -6.3325E-01  3.4434E-02
  9.0000E+00  1.3540E+01  1.4092E+01 -5.5270E-01  4.1203E-02
  9.0000E+00  9.8913E+00  1.1105E+01 -1.2136E+00 -1.4547E-01
  9.0000E+00  8.1580E+00  8.9074E+00 -7.4937E-01 -8.7160E-02
  9.0000E+00  6.7890E+00  7.2906E+00 -5.0161E-01 -5.6862E-02
  9.0000E+00  9.5485E+00  5.2202E+00  4.3283E+00  1.9182E+00
  9.0000E+00  7.8975E+00  4.0863E+00  3.8112E+00  1.9935E+00
  9.0000E+00  5.9504E+00  3.0955E+00  2.8549E+00  1.7845E+00
  9.0000E+00  6.5928E+00  2.7449E+00  3.8479E+00  2.5624E+00
  9.0000E+00  1.4388E+00  2.4732E+00 -1.0344E+00 -6.8615E-01
  1.0000E+01  0.0000E+00  0.0000E+00  0.0000E+00  0.0000E+00
  1.0000E+01  0.0000E+00  0.0000E+00  0.0000E+00  0.0000E+00
  1.0000E+01  1.6789E+01  1.5693E+01  1.0961E+00 -2.3922E-01
  1.0000E+01  1.5576E+01  1.5753E+01 -1.7696E-01 -5.1373E-01
  1.0000E+01  2.7126E+01  1.5263E+01  1.1863E+01  1.5594E+00
  1.0000E+01  1.8146E+01  1.4092E+01  4.0533E+00  2.3294E-01
  1.0000E+01  1.6940E+01  1.1105E+01  5.8352E+00  7.9615E-01
  1.0000E+01  1.5070E+01  8.9074E+00  6.1627E+00  1.1515E+00
  1.0000E+01  9.6790E+00  7.2906E+00  2.3884E+00  2.1812E-01
  1.0000E+01  6.1828E+00  5.2202E+00  9.6264E-01 -1.4520E-01
  1.0000E+01  4.1582E+00  4.0863E+00  7.1916E-02 -4.9712E-01
  1.0000E+01  2.6143E+00  3.0955E+00 -4.8116E-01 -7.9229E-01
  1.0000E+01  6.6370E+00  2.7449E+00  3.8921E+00  2.0692E+00
  1.0000E+01  4.8172E+00  2.4732E+00  2.3440E+00  1.1680E+00
  1.1000E+01  0.0000E+00  0.0000E+00  0.0000E+00  0.0000E+00
  1.1000E+01  0.0000E+00  0.0000E+00  0.0000E+00  0.0000E+00
  1.1000E+01  6.8344E+00  1.5693E+01 -8.8584E+00 -1.6494E+00
  1.1000E+01  2.2109E+01  1.5753E+01  6.3561E+00  9.2895E-01
  1.1000E+01  1.9215E+01  1.5263E+01  3.9523E+00  5.3214E-01
  1.1000E+01  2.0141E+01  1.4092E+01  6.0491E+00  9.7043E-01
  1.1000E+01  1.4342E+01  1.1105E+01  3.2368E+00  5.8394E-01
  1.1000E+01  1.1209E+01  8.9074E+00  2.3019E+00  4.7978E-01
  1.1000E+01  0.0000E+00  7.2906E+00  0.0000E+00  0.0000E+00
  1.1000E+01  3.9212E+00  5.2202E+00 -1.2990E+00 -6.9495E-01
  1.1000E+01  3.6463E+00  4.0863E+00 -4.3998E-01 -3.5597E-01
  1.1000E+01  2.8859E+00  3.0955E+00 -2.0956E-01 -2.4689E-01
  1.1000E+01  2.6486E+00  2.7449E+00 -9.6294E-02 -1.7614E-01
  1.1000E+01  2.8570E-01  2.4732E+00 -2.1875E+00 -1.6323E+00
  1.2000E+01  0.0000E+00  0.0000E+00  0.0000E+00  0.0000E+00
  1.2000E+01  0.0000E+00  0.0000E+00  0.0000E+00  0.0000E+00
  1.2000E+01  8.9688E+00  1.5693E+01 -6.7240E+00 -6.6373E-01
  1.2000E+01  9.2434E+00  1.5753E+01 -6.5097E+00 -5.5160E-01
  1.2000E+01  8.4046E+00  1.5263E+01 -6.8585E+00 -6.1522E-01
  1.2000E+01  9.2558E+00  1.4092E+01 -4.8365E+00 -3.0528E-01
  1.2000E+01  3.7099E+00  1.1105E+01 -7.3950E+00 -1.0808E+00
  1.2000E+01  8.9631E+00  8.9074E+00  5.5725E-02  6.4868E-01
  1.2000E+01  2.5351E+00  7.2906E+00 -4.7555E+00 -9.2078E-01
  1.2000E+01  3.2227E+00  5.2202E+00 -1.9975E+00 -2.2641E-01
  1.2000E+01  4.1893E+00  4.0863E+00  1.0302E-01  6.4824E-01
  1.2000E+01  6.0000E-01  3.0955E+00 -2.4955E+00 -9.6239E-01
  1.2000E+01  3.7630E-01  2.7449E+00 -2.3686E+00 -1.0168E+00
  1.2000E+01  1.8565E+00  2.4732E+00 -6.1669E-01  8.7456E-02
  1.3000E+01  0.0000E+00  0.0000E+00  0.0000E+00  0.0000E+00
  1.3000E+01  0.0000E+00  0.0000E+00  0.0000E+00  0.0000E+00
  1.3000E+01  9.6417E+00  1.5693E+01 -6.0511E+00 -7.4297E-01
  1.3000E+01  1.2655E+01  1.5753E+01 -3.0980E+00 -1.9316E-01
  1.3000E+01  9.3391E+00  1.5263E+01 -5.9240E+00 -6.8312E-01
  1.3000E+01  1.3476E+01  1.4092E+01 -6.1660E-01  2.4601E-01
  1.3000E+01  1.1924E+01  1.1105E+01  8.1910E-01  5.6714E-01
  1.3000E+01  9.3630E+00  8.9074E+00  4.5563E-01  5.1514E-01
  1.3000E+01  3.8242E+00  7.2906E+00 -3.4664E+00 -7.4142E-01
  1.3000E+01  8.2600E-02  5.2202E+00 -5.1376E+00 -1.7901E+00
  1.3000E+01  2.1189E+00  4.0863E+00 -1.9674E+00 -6.1930E-01
  1.3000E+01  3.2216E+00  3.0955E+00  1.2614E-01  4.3049E-01
  1.3000E+01  6.3900E-01  2.7449E+00 -2.1059E+00 -1.0384E+00
  1.3000E+01  0.0000E+00  2.4732E+00  0.0000E+00  0.0000E+00
  1.4000E+01  0.0000E+00  0.0000E+00  0.0000E+00  0.0000E+00
  1.4000E+01  0.0000E+00  0.0000E+00  0.0000E+00  0.0000E+00
  1.4000E+01  1.6997E+01  1.5693E+01  1.3039E+00  3.0638E-01
  1.4000E+01  2.0358E+01  1.5753E+01  4.6046E+00  8.7496E-01
  1.4000E+01  2.3377E+01  1.5263E+01  8.1138E+00  1.5127E+00
  1.4000E+01  1.3120E+01  1.4092E+01 -9.7180E-01 -7.5018E-02
  1.4000E+01  5.6135E+00  1.1105E+01 -5.4914E+00 -1.1412E+00
  1.4000E+01  5.7966E+00  8.9074E+00 -3.1108E+00 -7.2658E-01
  1.4000E+01  3.7896E+00  7.2906E+00 -3.5010E+00 -9.9748E-01
  1.4000E+01  4.0033E+00  5.2202E+00 -1.2169E+00 -3.5520E-01
  1.4000E+01  2.9411E+00  4.0863E+00 -1.1452E+00 -4.1457E-01
  1.4000E+01  1.7600E-01  3.0955E+00 -2.9195E+00 -1.6129E+00
  1.4000E+01  9.2910E-01  2.7449E+00 -1.8158E+00 -1.0289E+00
  1.4000E+01  8.7960E-01  2.4732E+00 -1.5936E+00 -9.5213E-01
  1.5000E+01  0.0000E+00  0.0000E+00  0.0000E+00  0.0000E+00
  1.5000E+01  0.0000E+00  0.0000E+00  0.0000E+00  0.0000E+00
  1.5000E+01  1.0605E+01  1.5693E+01 -5.0882E+00 -1.2271E+00
  1.5000E+01  3.0702E+01  1.5753E+01  1.4949E+01  2.1336E+00
  1.5000E+01  1.7548E+01  1.5263E+01  2.2851E+00 -2.3220E-02
  1.5000E+01  2.6660E+01  1.4092E+01  1.2568E+01  1.9166E+00
  1.5000E+01  1.9884E+01  1.1105E+01  8.7790E+00  1.5827E+00
  1.5000E+01  7.9719E+00  8.9074E+00 -9.3547E-01 -6.9634E-01
  1.5000E+01  9.0661E+00  7.2906E+00  1.7755E+00  1.5207E-01
  1.5000E+01  3.6822E+00  5.2202E+00 -1.5380E+00 -1.0567E+00
  1.5000E+01  2.6687E+00  4.0863E+00 -1.4176E+00 -1.0962E+00
  1.5000E+01  3.9417E+00  3.0955E+00  8.4624E-01  1.7057E-01
  1.5000E+01  1.0098E+00  2.7449E+00 -1.7351E+00 -1.4654E+00
  1.5000E+01  1.4754E+00  2.4732E+00 -9.9779E-01 -1.0096E+00
  1.6000E+01  0.0000E+00  0.0000E+00  0.0000E+00  0.0000E+00
  1.6000E+01  0.0000E+00  0.0000E+00  0.0000E+00  0.0000E+00
  1.6000E+01  1.2002E+01  1.5693E+01 -3.6907E+00 -6.6234E-01
  1.6000E+01  1.6290E+01  1.5753E+01  5.3734E-01  5.7075E-02
  1.6000E+01  1.0906E+01  1.5263E+01 -4.3570E+00 -7.9464E-01
  1.6000E+01  2.2730E+01  1.4092E+01  8.6372E+00  1.5772E+00
  1.6000E+01  9.5844E+00  1.1105E+01 -1.5205E+00 -3.8793E-01
  1.6000E+01  9.7819E+00  8.9074E+00  8.7453E-01  2.0480E-01
  1.6000E+01  1.0491E+01  7.2906E+00  3.1999E+00  1.0095E+00
  1.6000E+01  4.7161E+00  5.2202E+00 -5.0406E-01 -2.4918E-01
  1.6000E+01  4.8631E+00  4.0863E+00  7.7682E-01  3.5994E-01
  1.6000E+01  1.1756E+00  3.0955E+00 -1.9199E+00 -1.1980E+00
  1.6000E+01  2.0802E+00  2.7449E+00 -6.6469E-01 -4.6394E-01
  1.6000E+01  0.0000E+00  2.4732E+00  0.0000E+00  0.0000E+00
  1.7000E+01  0.0000E+00  0.0000E+00  0.0000E+00  0.0000E+00
  1.7000E+01  0.0000E+00  0.0000E+00  0.0000E+00  0.0000E+00
  1.7000E+01  2.4666E+01  1.5693E+01  8.9735E+00  1.3896E+00
  1.7000E+01  2.5714E+01  1.5753E+01  9.9605E+00  1.5225E+00
  1.7000E+01  1.7311E+01  1.5263E+01  2.0474E+00  1.8227E-01
  1.7000E+01  1.6498E+01  1.4092E+01  2.4060E+00  2.7351E-01
  1.7000E+01  1.0076E+01  1.1105E+01 -1.0285E+00 -4.0695E-01
  1.7000E+01  1.2245E+01  8.9074E+00  3.3375E+00  7.6560E-01
  1.7000E+01  4.9670E-01  7.2906E+00 -6.7939E+00 -2.3736E+00
  1.7000E+01  6.0134E+00  5.2202E+00  7.9324E-01  2.0628E-01
  1.7000E+01  1.4218E+00  4.0863E+00 -2.6645E+00 -1.4620E+00
  1.7000E+01  0.0000E+00  3.0955E+00  0.0000E+00  0.0000E+00
  1.7000E+01  1.2937E+00  2.7449E+00 -1.4512E+00 -1.0394E+00
  1.7000E+01  4.6400E-01  2.4732E+00 -2.0092E+00 -1.4826E+00
  1.8000E+01  0.0000E+00  0.0000E+00  0.0000E+00  0.0000E+00
  1.8000E+01  0.0000E+00  0.0000E+00  0.0000E+00  0.0000E+00
  1.8000E+01  1.6669E+01  1.5693E+01  9.7673E-01  1.6510E-02
  1.8000E+01  2.7128E+01  1.5753E+01  1.1375E+01  1.7588E+00
  1.8000E+01  2.4167E+01  1.5263E+01  8.9041E+00  1.3729E+00
  1.8000E+01  1.8785E+01  1.4092E+01  4.6924E+00  6.9726E-01
  1.8000E+01  1.0088E+01  1.1105E+01 -1.0168E+00 -4.0702E-01
  1.8000E+01  6.3470E+00  8.9074E+00 -2.5604E+00 -8.7402E-01
  1.8000E+01  4.2527E+00  7.2906E+00 -3.0379E+00 -1.1461E+00
  1.8000E+01  3.0481E+00  5.2202E+00 -2.1721E+00 -1.0518E+00
  1.8000E+01  1.5910E+00  4.0863E+00 -2.4953E+00 -1.3767E+00
  1.8000E+01  0.0000E+00  3.0955E+00  0.0000E+00  0.0000E+00
  1.8000E+01  0.0000E+00  2.7449E+00  0.0000E+00  0.0000E+00
  1.8000E+01  7.1980E-01  2.4732E+00 -1.7534E+00 -1.3042E+00
  1.9000E+01  0.0000E+00  0.0000E+00  0.0000E+00  0.0000E+00
  1.9000E+01  0.0000E+00  0.0000E+00  0.0000E+00  0.0000E+00
  1.9000E+01  7.7023E+00  1.5693E+01 -7.9905E+00 -9.1508E-01
  1.9000E+01  5.1236E+00  1.5753E+01 -1.0629E+01 -1.2890E+00
  1.9000E+01  2.0138E+00  1.5263E+01 -1.3249E+01 -1.7704E+00
  1.9000E+01  5.1785E+00  1.4092E+01 -8.9138E+00 -1.1158E+00
  1.9000E+01  6.1900E+00  1.1105E+01 -4.9149E+00 -5.7722E-01
  1.9000E+01  1.0436E+01  8.9074E+00  1.5289E+00  9.7272E-01
  1.9000E+01  4.9480E+00  7.2906E+00 -2.3426E+00 -2.3138E-01
  1.9000E+01  4.9803E+00  5.2202E+00 -2.3986E-01  3.9770E-01
  1.9000E+01  5.1927E+00  4.0863E+00  1.1064E+00  1.0242E+00
  1.9000E+01  5.0876E+00  3.0955E+00  1.9921E+00  1.6306E+00
  1.9000E+01  4.3534E+00  2.7449E+00  1.6085E+00  1.4516E+00
  1.9000E+01  5.0969E+00  2.4732E+00  2.6237E+00  2.2081E+00
  2.0000E+01  0.0000E+00  0.0000E+00  0.0000E+00  0.0000E+00
  2.0000E+01  0.0000E+00  0.0000E+00  0.0000E+00  0.0000E+00
  2.0000E+01  1.6693E+01  1.5693E+01  1.0001E+00 -1.5672E-02
  2.0000E+01  1.5538E+01  1.5753E+01 -2.1506E-01 -2.4786E-01
  2.0000E+01  1.4796E+01  1.5263E+01 -4.6725E-01 -3.0431E-01
  2.0000E+01  7.2792E+00  1.4092E+01 -6.8131E+00 -1.5076E+00
  2.0000E+01  1.4824E+01  1.1105E+01  3.7195E+00  5.9937E-01
  2.0000E+01  1.1590E+01  8.9074E+00  2.6824E+00  4.7024E-01
  2.0000E+01  1.1777E+01  7.2906E+00  4.4865E+00  1.1810E+00
  2.0000E+01  1.2185E+01  5.2202E+00  6.9644E+00  2.6548E+00
  2.0000E+01  2.6233E+00  4.0863E+00 -1.4630E+00 -1.0385E+00
  2.0000E+01  2.7327E+00  3.0955E+00 -3.6276E-01 -5.1016E-01
  2.0000E+01  8.3552E+00  2.7449E+00  5.6103E+00  3.3941E+00
  2.0000E+01  5.4488E+00  2.4732E+00  2.9756E+00  1.7974E+00
  2.1000E+01  0.0000E+00  0.0000E+00  0.0000E+00  0.0000E+00
  2.1000E+01  0.0000E+00  0.0000E+00  0.0000E+00  0.0000E+00
  2.1000E+01  1.1841E+01  1.5693E+01 -3.8515E+00 -3.1545E-01
  2.1000E+01  3.4955E+00  1.5753E+01 -1.2258E+01 -1.6900E+00
  2.1000E+01  2.1372E+01  1.5263E+01  6.1090E+00  1.4730E+00
  2.1000E+01  1.1804E+01  1.4092E+01 -2.2885E+00 -4.5706E-03
  2.1000E+01  3.9867E+00  1.1105E+01 -7.1182E+00 -1.1971E+00
  2.1000E+01  5.5019E+00  8.9074E+00 -3.4055E+00 -4.9360E-01
  2.1000E+01  3.2554E+00  7.2906E+00 -4.0352E+00 -8.6516E-01
  2.1000E+01  6.0690E+00  5.2202E+00  8.4884E-01  8.0730E-01
  2.1000E+01  2.8219E+00  4.0863E+00 -1.2644E+00 -2.0830E-01
  2.1000E+01  1.6694E+00  3.0955E+00 -1.4261E+00 -4.6377E-01
  2.1000E+01  5.6480E-01  2.7449E+00 -2.1801E+00 -1.0392E+00
  2.1000E+01  0.0000E+00  2.4732E+00  0.0000E+00  0.0000E+00
  2.2000E+01  0.0000E+00  0.0000E+00  0.0000E+00  0.0000E+00
  2.2000E+01  0.0000E+00  0.0000E+00  0.0000E+00  0.0000E+00
  2.2000E+01  4.9672E+00  1.5693E+01 -1.0726E+01 -1.4055E+00
  2.2000E+01  9.7039E+00  1.5753E+01 -6.0492E+00 -5.3691E-01
  2.2000E+01  8.7466E+00  1.5263E+01 -6.5165E+00 -6.2283E-01
  2.2000E+01  9.0979E+00  1.4092E+01 -4.9944E+00 -4.0616E-01
  2.2000E+01  4.2882E+00  1.1105E+01 -6.8167E+00 -1.0282E+00
  2.2000E+01  7.6238E+00  8.9074E+00 -1.2836E+00  1.8864E-01
  2.2000E+01  5.6794E+00  7.2906E+00 -1.6112E+00  1.3979E-02
  2.2000E+01  4.6026E+00  5.2202E+00 -6.1756E-01  2.5805E-01
  2.2000E+01  3.8265E+00  4.0863E+00 -2.5978E-01  3.6224E-01
  2.2000E+01  4.5292E+00  3.0955E+00  1.4337E+00  1.3274E+00
  2.2000E+01  1.9472E+00  2.7449E+00 -7.9769E-01 -8.6638E-02
  2.2000E+01  1.4568E+00  2.4732E+00 -1.0164E+00 -2.8886E-01
  2.3000E+01  0.0000E+00  0.0000E+00  0.0000E+00  0.0000E+00
  2.3000E+01  0.0000E+00  0.0000E+00  0.0000E+00  0.0000E+00
  2.3000E+01  5.4430E+00  1.5693E+01 -1.0250E+01 -1.6359E+00
  2.3000E+01  1.3301E+01  1.5753E+01 -2.4525E+00 -2.7967E-01
  2.3000E+01  6.1575E+00  1.5263E+01 -9.1056E+00 -1.4448E+00
  2.3000E+01  1.2744E+01  1.4092E+01 -1.3483E+00 -1.1095E-01
  2.3000E+01  1.1818E+01  1.1105E+01  7.1330E-01  2.9483E-01
  2.3000E+01  1.0559E+01  8.9074E+00  1.6511E+00  5.7607E-01
  2.3000E+01  6.6023E+00  7.2906E+00 -6.8831E-01 -1.2120E-01
  2.3000E+01  4.2937E+00  5.2202E+00 -9.2646E-01 -3.1333E-01
  2.3000E+01  7.4884E+00  4.0863E+00  3.4021E+00  1.7831E+00
  2.3000E+01  4.4951E+00  3.0955E+00  1.3996E+00  8.9530E-01
  2.3000E+01  6.8415E+00  2.7449E+00  4.0966E+00  2.7217E+00
  2.3000E+01  5.9487E+00  2.4732E+00  3.4755E+00  2.4536E+00
  2.4000E+01  0.0000E+00  0.0000E+00  0.0000E+00  0.0000E+00
  2.4000E+01  0.0000E+00  0.0000E+00  0.0000E+00  0.0000E+00
  2.4000E+01  7.2366E+00  1.5693E+01 -8.4562E+00 -1.0364E+00
  2.4000E+01  9.6630E+00  1.5753E+01 -6.0901E+00 -5.6660E-01
  2.4000E+01  1.2460E+01  1.5263E+01 -2.8034E+00  1.1420E-03
  2.4000E+01  1.0384E+01  1.4092E+01 -3.7081E+00 -1.8638E-01
  2.4000E+01  8.6408E+00  1.1105E+01 -2.4641E+00 -3.7901E-02
  2.4000E+01  9.9090E+00  8.9074E+00  1.0016E+00  8.2029E-01
  2.4000E+01  1.0580E+00  7.2906E+00 -6.2326E+00 -1.4926E+00
  2.4000E+01  2.8866E+00  5.2202E+00 -2.3336E+00 -4.5090E-01
  2.4000E+01  1.2514E+00  4.0863E+00 -2.8349E+00 -9.1396E-01
  2.4000E+01  1.7186E+00  3.0955E+00 -1.3769E+00 -3.4961E-01
  2.4000E+01  1.3859E+00  2.7449E+00 -1.3590E+00 -4.1939E-01
  2.4000E+01  7.1020E-01  2.4732E+00 -1.7630E+00 -7.7281E-01
  2.5000E+01  0.0000E+00  0.0000E+00  0.0000E+00  0.0000E+00
  2.5000E+01  0.0000E+00  0.0000E+00  0.0000E+00  0.0000E+00
  2.5000E+01  1.1247E+01  1.5693E+01 -4.4454E+00 -6.4837E-01
  2.5000E+01  1.4031E+01  1.5753E+01 -1.7219E+00 -1.6388E-01
  2.5000E+01  1.5091E+01  1.5263E+01 -1.7185E-01  1.0418E-01
  2.5000E+01  1.0514E+01  1.4092E+01 -3.5788E+00 -5.3111E-01
  2.5000E+01  1.2313E+01  1.1105E+01  1.2081E+00  4.1835E-01
  2.5000E+01  4.8464E+00  8.9074E+00 -4.0610E+00 -9.8745E-01
  2.5000E+01  8.6113E+00  7.2906E+00  1.3207E+00  5.7023E-01
  2.5000E+01  6.9254E+00  5.2202E+00  1.7052E+00  8.5426E-01
  2.5000E+01  2.9068E+00  4.0863E+00 -1.1795E+00 -4.7314E-01
  2.5000E+01  3.9930E+00  3.0955E+00  8.9754E-01  6.5917E-01
  2.5000E+01  4.1826E+00  2.7449E+00  1.4377E+00  1.0503E+00
  2.5000E+01  5.4440E-01  2.4732E+00 -1.9288E+00 -1.2408E+00
  2.6000E+01  0.0000E+00  0.0000E+00  0.0000E+00  0.0000E+00
  2.6000E+01  0.0000E+00  0.0000E+00  0.0000E+00  0.0000E+00
  2.6000E+01  7.5622E+00  1.5693E+01 -8.1306E+00 -1.3447E+00
  2.6000E+01  1.1091E+01  1.5753E+01 -4.6626E+00 -7.3640E-01
  2.6000E+01  1.6612E+01  1.5263E+01  1.3485E+00  2.9160E-01
  2.6000E+01  1.3104E+01  1.4092E+01 -9.8800E-01 -1.2805E-01
  2.6000E+01  1.3819E+01  1.1105E+01  2.7139E+00  6.7724E-01
  2.6000E+01  9.0421E+00  8.9074E+00  1.3473E-01  8.4734E-02
  2.6000E+01  6.3057E+00  7.2906E+00 -9.8491E-01 -2.8015E-01
  2.6000E+01  1.0293E+01  5.2202E+00  5.0724E+00  2.1838E+00
  2.6000E+01  3.3911E+00  4.0863E+00 -6.9518E-01 -3.2541E-01
  2.6000E+01  1.9362E+00  3.0955E+00 -1.1593E+00 -6.8584E-01
  2.6000E+01  0.0000E+00  2.7449E+00  0.0000E+00  0.0000E+00
  2.6000E+01  4.4880E+00  2.4732E+00  2.0148E+00  1.4193E+00
  2.7000E+01  0.0000E+00  0.0000E+00  0.0000E+00  0.0000E+00
  2.7000E+01  0.0000E+00  0.0000E+00  0.0000E+00  0.0000E+00
  2.7000E+01  6.3005E+00  1.5693E+01 -9.3923E+00 -1.0641E+00
  2.7000E+01  7.8794E+00  1.5753E+01 -7.8737E+00 -7.1864E-01
  2.7000E+01  3.3461E+00  1.5263E+01 -1.1917E+01 -1.4293E+00
  2.7000E+01  8.2682E+00  1.4092E+01 -5.8241E+00 -4.2175E-01
  2.7000E+01  8.7766E+00  1.1105E+01 -2.3283E+00  1.5266E-01
  2.7000E+01  6.2603E+00  8.9074E+00 -2.6471E+00 -3.7250E-02
  2.7000E+01  3.4167E+00  7.2906E+00 -3.8739E+00 -5.7085E-01
  2.7000E+01  5.3077E+00  5.2202E+00  8.7545E-02  7.1275E-01
  2.7000E+01  8.8640E-01  4.0863E+00 -3.1999E+00 -9.7318E-01
  2.7000E+01  1.2069E+00  3.0955E+00 -1.8886E+00 -5.4985E-01
  2.7000E+01  2.7815E+00  2.7449E+00  3.6606E-02  6.0013E-01
  2.7000E+01  1.7080E+00  2.4732E+00 -7.6519E-01  2.2125E-02
  2.8000E+01  0.0000E+00  0.0000E+00  0.0000E+00  0.0000E+00
  2.8000E+01  0.0000E+00  0.0000E+00  0.0000E+00  0.0000E+00
  2.8000E+01  2.0074E+01  1.5693E+01  4.3809E+00  5.9230E-01
  2.8000E+01  1.4359E+01  1.5753E+01 -1.3937E+00 -4.1560E-01
  2.8000E+01  1.1251E+01  1.5263E+01 -4.0119E+00 -8.8681E-01
  2.8000E+01  1.8196E+01  1.4092E+01  4.1039E+00  5.7174E-01
  2.8000E+01  1.7401E+01  1.1105E+01  6.2964E+00  1.2439E+00
  2.8000E+01  5.9790E+00  8.9074E+00 -2.9284E+00 -1.0254E+00
  2.8000E+01  1.0462E+01  7.2906E+00  3.1710E+00  8.2216E-01
  2.8000E+01  8.5268E+00  5.2202E+00  3.3066E+00  1.1882E+00
  2.8000E+01  4.6268E+00  4.0863E+00  5.4052E-01  6.5785E-02
  2.8000E+01  3.5236E+00  3.0955E+00  4.2814E-01  6.4831E-02
  2.8000E+01  4.1747E+00  2.7449E+00  1.4298E+00  7.4793E-01
  2.8000E+01  1.5058E+00  2.4732E+00 -9.6739E-01 -8.5757E-01
  2.9000E+01  0.0000E+00  0.0000E+00  0.0000E+00  0.0000E+00
  2.9000E+01  0.0000E+00  0.0000E+00  0.0000E+00  0.0000E+00
  2.9000E+01  1.0108E+01  1.5693E+01 -5.5846E+00 -8.8750E-01
  2.9000E+01  1.6709E+01  1.5753E+01  9.5574E-01  2.4056E-01
  2.9000E+01  2.0559E+01  1.5263E+01  5.2964E+00  1.0047E+00
  2.9000E+01  8.8138E+00  1.4092E+01 -5.2785E+00 -9.0154E-01
  2.9000E+01  9.9350E+00  1.1105E+01 -1.1699E+00 -1.8109E-01
  2.9000E+01  8.9675E+00  8.9074E+00  6.0125E-02  1.0671E-01
  2.9000E+01  5.5509E+00  7.2906E+00 -1.7397E+00 -4.7878E-01
  2.9000E+01  8.8737E+00  5.2202E+00  3.6535E+00  1.6379E+00
  2.9000E+01  3.4506E+00  4.0863E+00 -6.3568E-01 -2.3619E-01
  2.9000E+01  1.3596E+00  3.0955E+00 -1.7359E+00 -9.7629E-01
  2.9000E+01  1.8983E+00  2.7449E+00 -8.4659E-01 -4.7773E-01
  2.9000E+01  2.4523E+00  2.4732E+00 -2.0886E-02  6.0057E-02
  3.0000E+01  0.0000E+00  0.0000E+00  0.0000E+00  0.0000E+00
  3.0000E+01  0.0000E+00  0.0000E+00  0.0000E+00  0.0000E+00
  3.0000E+01  5.3993E+00  1.5693E+01 -1.0293E+01 -1.3234E+00
  3.0000E+01  6.8297E+00  1.5753E+01 -8.9234E+00 -1.0154E+00
  3.0000E+01  1.0810E+01  1.5263E+01 -4.4526E+00 -2.5392E-01
  3.0000E+01  1.0040E+01  1.4092E+01 -4.0519E+00 -2.2106E-01
  3.0000E+01  6.0649E+00  1.1105E+01 -5.0400E+00 -6.1237E-01
  3.0000E+01  2.2356E+00  8.9074E+00 -6.6718E+00 -1.3032E+00
  3.0000E+01  1.2876E+00  7.2906E+00 -6.0030E+00 -1.4213E+00
  3.0000E+01  8.8029E+00  5.2202E+00  3.5827E+00  2.0364E+00
  3.0000E+01  4.4287E+00  4.0863E+00  3.4242E-01  6.6130E-01
  3.0000E+01  5.8276E+00  3.0955E+00  2.7321E+00  2.1092E+00
  3.0000E+01  3.3192E+00  2.7449E+00  5.7431E-01  8.0343E-01
  3.0000E+01  1.5849E+00  2.4732E+00 -8.8829E-01 -2.0941E-01
  3.1000E+01  0.0000E+00  0.0000E+00  0.0000E+00  0.0000E+00
  3.1000E+01  0.0000E+00  0.0000E+00  0.0000E+00  0.0000E+00
  3.1000E+01  9.5515E+00  1.5693E+01 -6.1413E+00 -1.0064E+00
  3.1000E+01  1.6678E+01  1.5753E+01  9.2454E-01  2.0880E-01
  3.1000E+01  2.3716E+01  1.5263E+01  8.4534E+00  1.5262E+00
  3.1000E+01  3.4904E+00  1.4092E+01 -1.0602E+01 -1.9276E+00
  3.1000E+01  1.1931E+01  1.1105E+01  8.2650E-01  2.3957E-01
  3.1000E+01  6.2523E+00  8.9074E+00 -2.6551E+00 -6.9340E-01
  3.1000E+01  6.6709E+00  7.2906E+00 -6.1971E-01 -1.6487E-01
  3.1000E+01  3.9870E+00  5.2202E+00 -1.2332E+00 -4.9576E-01
  3.1000E+01  4.1534E+00  4.0863E+00  6.7116E-02  5.3269E-02
  3.1000E+01  7.1561E+00  3.0955E+00  4.0606E+00  2.4822E+00
  3.1000E+01  4.9842E+00  2.7449E+00  2.2393E+00  1.4760E+00
  3.1000E+01  4.1056E+00  2.4732E+00  1.6324E+00  1.1437E+00
  3.2000E+01  0.0000E+00  0.0000E+00  0.0000E+00  0.0000E+00
  3.2000E+01  0.0000E+00  0.0000E+00  0.0000E+00  0.0000E+00
  3.2000E+01  1.5267E+01  1.5693E+01 -4.2577E-01 -8.8277E-02
  3.2000E+01  1.7348E+01  1.5753E+01  1.5949E+00  2.5336E-01
  3.2000E+01  7.6762E+00  1.5263E+01 -7.5869E+00 -1.3399E+00
  3.2000E+01  2.0686E+01  1.4092E+01  6.5940E+00  1.2126E+00
  3.2000E+01  1.0309E+01  1.1105E+01 -7.9570E-01 -2.0580E-01
  3.2000E+01  1.0302E+01  8.9074E+00  1.3950E+00  3.6216E-01
  3.2000E+01  5.5279E+00  7.2906E+00 -1.7627E+00 -6.0400E-01
  3.2000E+01  5.3044E+00  5.2202E+00  8.4245E-02  5.8767E-03
  3.2000E+01  4.0953E+00  4.0863E+00  9.0163E-03 -2.6280E-02
  3.2000E+01  3.7165E+00  3.0955E+00  6.2104E-01  3.4699E-01
  3.2000E+01  3.6232E+00  2.7449E+00  8.7831E-01  5.4506E-01
  3.2000E+01  3.6129E+00  2.4732E+00  1.1397E+00  7.6419E-01
  3.3000E+01  0.0000E+00  0.0000E+00  0.0000E+00  0.0000E+00
  3.3000E+01  0.0000E+00  0.0000E+00  0.0000E+00  0.0000E+00
  3.3000E+01  1.3389E+01  1.5693E+01 -2.3033E+00 -9.1562E-01
  3.3000E+01  1.4452E+01  1.5753E+01 -1.3010E+00 -8.1044E-01
  3.3000E+01  1.5413E+01  1.5263E+01  1.4975E-01 -5.9368E-01
  3.3000E+01  2.1932E+01  1.4092E+01  7.8393E+00  8.1919E-01
  3.3000E+01  1.8577E+01  1.1105E+01  7.4721E+00  1.0317E+00
  3.3000E+01  1.8533E+01  8.9074E+00  9.6252E+00  1.9544E+00
  3.3000E+01  1.2739E+01  7.2906E+00  5.4485E+00  1.0473E+00
  3.3000E+01  9.9920E+00  5.2202E+00  4.7718E+00  1.2816E+00
  3.3000E+01  5.4736E+00  4.0863E+00  1.3873E+00 -2.5780E-02
  3.3000E+01  8.8309E+00  3.0955E+00  5.7354E+00  2.7969E+00
  3.3000E+01  7.3029E+00  2.7449E+00  4.5580E+00  2.3144E+00
  3.3000E+01  6.0373E+00  2.4732E+00  3.5641E+00  1.8301E+00
  3.4000E+01  0.0000E+00  0.0000E+00  0.0000E+00  0.0000E+00
  3.4000E+01  0.0000E+00  0.0000E+00  0.0000E+00  0.0000E+00
  3.4000E+01  1.4081E+01  1.5693E+01 -1.6117E+00 -4.1345E-01
  3.4000E+01  2.0160E+01  1.5753E+01  4.4067E+00  5.9204E-01
  3.4000E+01  1.9774E+01  1.5263E+01  4.5111E+00  6.2296E-01
  3.4000E+01  1.5691E+01  1.4092E+01  1.5989E+00  1.3175E-01
  3.4000E+01  1.6870E+01  1.1105E+01  5.7650E+00  1.1574E+00
  3.4000E+01  7.2584E+00  8.9074E+00 -1.6490E+00 -6.2750E-01
  3.4000E+01  7.7683E+00  7.2906E+00  4.7769E-01 -1.0863E-02
  3.4000E+01  1.7333E+00  5.2202E+00 -3.4869E+00 -1.6372E+00
  3.4000E+01  4.5593E+00  4.0863E+00  4.7302E-01  8.9903E-02
  3.4000E+01  4.1339E+00  3.0955E+00  1.0384E+00  4.9529E-01
  3.4000E+01  3.0731E+00  2.7449E+00  3.2821E-01  8.4590E-02
  3.4000E+01  2.4657E+00  2.4732E+00 -7.4856E-03 -1.3045E-01
  3.5000E+01  0.0000E+00  0.0000E+00  0.0000E+00  0.0000E+00
  3.5000E+01  0.0000E+00  0.0000E+00  0.0000E+00  0.0000E+00
  3.5000E+01  9.4049E+00  1.5693E+01 -6.2879E+00 -9.9524E-01
  3.5000E+01  1.7118E+01  1.5753E+01  1.3646E+00  3.2434E-01
  3.5000E+01  1.3584E+01  1.5263E+01 -1.6792E+00 -1.9516E-01
  3.5000E+01  1.7095E+01  1.4092E+01  3.0026E+00  6.6208E-01
  3.5000E+01  6.8814E+00  1.1105E+01 -4.2235E+00 -8.6601E-01
  3.5000E+01  1.1627E+01  8.9074E+00  2.7195E+00  8.6498E-01
  3.5000E+01  8.0487E+00  7.2906E+00  7.5809E-01  3.5981E-01
  3.5000E+01  3.7842E+00  5.2202E+00 -1.4360E+00 -4.9714E-01
  3.5000E+01  4.4993E+00  4.0863E+00  4.1302E-01  3.1812E-01
  3.5000E+01  2.2985E+00  3.0955E+00 -7.9696E-01 -3.8127E-01
  3.5000E+01  2.1099E+00  2.7449E+00 -6.3499E-01 -3.1559E-01
  3.5000E+01  4.4190E-01  2.4732E+00 -2.0313E+00 -1.3181E+00
  3.6000E+01  0.0000E+00  0.0000E+00  0.0000E+00  0.0000E+00
  3.6000E+01  0.0000E+00  0.0000E+00  0.0000E+00  0.0000E+00
  3.6000E+01  5.0986E+00  1.5693E+01 -1.0594E+01 -2.1939E+00
  3.6000E+01  1.6605E+01  1.5753E+01  8.5234E-01 -2.8415E-01
  3.6000E+01  1.2561E+01  1.5263E+01 -2.7018E+00 -9.2171E-01
  3.6000E+01  1.9644E+01  1.4092E+01  5.5515E+00  5.6625E-01
  3.6000E+01  2.4398E+01  1.1105E+01  1.3294E+01  2.5546E+00
  3.6000E+01  1.3582E+01  8.9074E+00  4.6742E+00  7.6689E-01
  3.6000E+01  1.1858E+01  7.2906E+00  4.5679E+00  9.4818E-01
  3.6000E+01  1.0525E+01  5.2202E+00  5.3046E+00  1.6943E+00
  3.6000E+01  8.9309E+00  4.0863E+00  4.8446E+00  1.9044E+00
  3.6000E+01  1.4239E+00  3.0955E+00 -1.6716E+00 -1.5398E+00
  3.6000E+01  6.2256E+00  2.7449E+00  3.4807E+00  1.7731E+00
  3.6000E+01  7.4790E+00  2.4732E+00  5.0058E+00  2.9946E+00
  3.7000E+01  0.0000E+00  0.0000E+00  0.0000E+00  0.0000E+00
  3.7000E+01  0.0000E+00  0.0000E+00  0.0000E+00  0.0000E+00
  3.7000E+01  1.0953E+01  1.5693E+01 -4.7394E+00 -1.0445E+00
  3.7000E+01  3.6147E+01  1.5753E+01  2.0394E+01  3.1967E+00
  3.7000E+01  3.1572E+01  1.5263E+01  1.6308E+01  2.5656E+00
  3.7000E+01  1.1156E+01  1.4092E+01 -2.9359E+00 -8.2809E-01
  3.7000E+01  1.0118E+01  1.1105E+01 -9.8730E-01 -5.0274E-01
  3.7000E+01  7.9562E+00  8.9074E+00 -9.5117E-01 -5.3043E-01
  3.7000E+01  7.0279E+00  7.2906E+00 -2.6271E-01 -3.4049E-01
  3.7000E+01  3.4232E+00  5.2202E+00 -1.7970E+00 -9.9107E-01
  3.7000E+01  1.9010E+00  4.0863E+00 -2.1853E+00 -1.3131E+00
  3.7000E+01  3.1594E+00  3.0955E+00  6.3940E-02 -1.4269E-01
  3.7000E+01  5.2680E-01  2.7449E+00 -2.2181E+00 -1.6242E+00
  3.7000E+01  1.3941E+00  2.4732E+00 -1.0791E+00 -9.1317E-01
  3.8000E+01  0.0000E+00  0.0000E+00  0.0000E+00  0.0000E+00
  3.8000E+01  0.0000E+00  0.0000E+00  0.0000E+00  0.0000E+00
  3.8000E+01  1.3568E+01  1.5693E+01 -2.1250E+00 -3.7778E-01
  3.8000E+01  1.2425E+01  1.5753E+01 -3.3280E+00 -5.8036E-01
  3.8000E+01  1.5051E+01  1.5263E+01 -2.1195E-01 -5.3205E-02
  3.8000E+01  1.9108E+01  1.4092E+01  5.0155E+00  9.2063E-01
  3.8000E+01  1.6973E+01  1.1105E+01  5.8680E+00  1.3345E+00
  3.8000E+01  4.5541E+00  8.9074E+00 -4.3533E+00 -1.2248E+00
  3.8000E+01  7.4090E+00  7.2906E+00  1.1839E-01  2.3257E-02
  3.8000E+01  5.5185E+00  5.2202E+00  2.9834E-01  1.1250E-01
  3.8000E+01  2.5472E+00  4.0863E+00 -1.5391E+00 -7.9139E-01
  3.8000E+01  3.7561E+00  3.0955E+00  6.6064E-01  3.9087E-01
  3.8000E+01  3.5435E+00  2.7449E+00  7.9861E-01  5.1299E-01
  3.8000E+01  1.7674E+00  2.4732E+00 -7.0579E-01 -5.0182E-01
  3.9000E+01  0.0000E+00  0.0000E+00  0.0000E+00  0.0000E+00
  3.9000E+01  0.0000E+00  0.0000E+00  0.0000E+00  0.0000E+00
  3.9000E+01  9.2629E+00  1.5693E+01 -6.4299E+00 -1.6456E+00
  3.9000E+01  1.8774E+01  1.5753E+01  3.0214E+00 -1.0322E-01
  3.9000E+01  2.0923E+01  1.5263E+01  5.6598E+00  3.3907E-01
  3.9000E+01  2.6303E+01  1.4092E+01  1.2210E+01  1.6096E+00
  3.9000E+01  1.8068E+01  1.1105E+01  6.9628E+00  8.9144E-01
  3.9000E+01  1.0562E+01  8.9074E+00  1.6545E+00 -2.7805E-01
  3.9000E+01  1.2392E+01  7.2906E+00  5.1013E+00  9.1785E-01
  3.9000E+01  9.2488E+00  5.2202E+00  4.0286E+00  9.5628E-01
  3.9000E+01  1.0305E+01  4.0863E+00  6.2190E+00  2.4123E+00
  3.9000E+01  4.5274E+00  3.0955E+00  1.4319E+00  1.7526E-01
  3.9000E+01  7.1236E+00  2.7449E+00  4.3787E+00  2.1952E+00
  3.9000E+01  6.7806E+00  2.4732E+00  4.3074E+00  2.3474E+00
  4.0000E+01  0.0000E+00  0.0000E+00  0.0000E+00  0.0000E+00
  4.0000E+01  0.0000E+00  0.0000E+00  0.0000E+00  0.0000E+00
  4.0000E+01  8.5017E+00  1.5693E+01 -7.1911E+00 -1.8314E+00
  4.0000E+01  2.9308E+01  1.5753E+01  1.3555E+01  1.6209E+00
  4.0000E+01  2.7238E+01  1.5263E+01  1.1975E+01  1.3741E+00
  4.0000E+01  2.1512E+01  1.4092E+01  7.4198E+00  6.5133E-01
  4.0000E+01  1.9771E+01  1.1105E+01  8.6665E+00  1.2313E+00
  4.0000E+01  1.4592E+01  8.9074E+00  5.6842E+00  8.0022E-01
  4.0000E+01  1.1239E+01  7.2906E+00  3.9487E+00  5.1167E-01
  4.0000E+01  6.9954E+00  5.2202E+00  1.7752E+00 -9.0979E-03
  4.0000E+01  5.2450E+00  4.0863E+00  1.1587E+00 -1.4509E-01
  4.0000E+01  8.6078E+00  3.0955E+00  5.5123E+00  2.6726E+00
  4.0000E+01  2.4085E+00  2.7449E+00 -3.3639E-01 -8.7673E-01
  4.0000E+01  2.0084E+00  2.4732E+00 -4.6479E-01 -9.5751E-01
  4.1000E+01  0.0000E+00  0.0000E+00  0.0000E+00  0.0000E+00
  4.1000E+01  0.0000E+00  0.0000E+00  0.0000E+00  0.0000E+00
  4.1000E+01  1.2463E+01  1.5693E+01 -3.2293E+00 -5.3234E-01
  4.1000E+01  1.3973E+01  1.5753E+01 -1.7806E+00 -2.7847E-01
  4.1000E+01  1.4651E+01  1.5263E+01 -6.1195E-01 -8.1908E-02
  4.1000E+01  1.2614E+01  1.4092E+01 -1.4779E+00 -2.5102E-01
  4.1000E+01  1.2981E+01  1.1105E+01  1.8760E+00  4.5709E-01
  4.1000E+01  1.5436E+01  8.9074E+00  6.5289E+00  1.8376E+00
  4.1000E+01  4.0094E+00  7.2906E+00 -3.2812E+00 -1.0492E+00
  4.1000E+01  6.7521E+00  5.2202E+00  1.5319E+00  6.7290E-01
  4.1000E+01  2.5617E+00  4.0863E+00 -1.5246E+00 -7.4914E-01
  4.1000E+01  3.4345E+00  3.0955E+00  3.3904E-01  2.2699E-01
  4.1000E+01  1.8168E+00  2.7449E+00 -9.2809E-01 -5.8835E-01
  4.1000E+01  2.1046E+00  2.4732E+00 -3.6859E-01 -2.3762E-01
  4.2000E+01  0.0000E+00  0.0000E+00  0.0000E+00  0.0000E+00
  4.2000E+01  0.0000E+00  0.0000E+00  0.0000E+00  0.0000E+00
  4.2000E+01  5.5773E+00  1.5693E+01 -1.0115E+01 -1.7663E+00
  4.2000E+01  2.2276E+01  1.5753E+01  6.5227E+00  1.0684E+00
  4.2000E+01  3.2159E+01  1.5263E+01  1.6896E+01  2.9044E+00
  4.2000E+01  1.8160E+01  1.4092E+01  4.0682E+00  7.2524E-01
  4.2000E+01  7.8921E+00  1.1105E+01 -3.2128E+00 -7.6039E-01
  4.2000E+01  8.9482E+00  8.9074E+00  4.0825E-02  5.3125E-03
  4.2000E+01  7.1832E+00  7.2906E+00 -1.0741E-01 -2.7580E-02
  4.2000E+01  8.7060E-01  5.2202E+00 -4.3496E+00 -1.8157E+00
  4.2000E+01  7.7350E-01  4.0863E+00 -3.3128E+00 -1.6346E+00
  4.2000E+01  7.2090E-01  3.0955E+00 -2.3746E+00 -1.3929E+00
  4.2000E+01  7.5160E-01  2.7449E+00 -1.9933E+00 -1.2513E+00
  4.2000E+01  3.1700E-01  2.4732E+00 -2.1562E+00 -1.4457E+00
  4.3000E+01  0.0000E+00  0.0000E+00  0.0000E+00  0.0000E+00
  4.3000E+01  0.0000E+00  0.0000E+00  0.0000E+00  0.0000E+00
  4.3000E+01  1.3320E+01  1.5693E+01 -2.3726E+00 -6.4222E-01
  4.3000E+01  2.8736E+01  1.5753E+01  1.2983E+01  1.9358E+00
  4.3000E+01  2.2805E+01  1.5263E+01  7.5420E+00  1.0343E+00
  4.3000E+01  1.9270E+01  1.4092E+01  5.1776E+00  6.8101E-01
  4.3000E+01  5.1962E+00  1.1105E+01 -5.9087E+00 -1.6515E+00
  4.3000E+01  1.1565E+01  8.9074E+00  2.6578E+00  4.4789E-01
  4.3000E+01  7.7062E+00  7.2906E+00  4.1559E-01 -1.4935E-01
  4.3000E+01  7.0793E+00  5.2202E+00  1.8591E+00  5.1835E-01
  4.3000E+01  3.2411E+00  4.0863E+00 -8.4518E-01 -6.8129E-01
  4.3000E+01  3.8548E+00  3.0955E+00  7.5934E-01  2.3081E-01
  4.3000E+01  2.6115E+00  2.7449E+00 -1.3339E-01 -3.0812E-01
  4.3000E+01  7.3290E-01  2.4732E+00 -1.7403E+00 -1.4245E+00
  4.4000E+01  0.0000E+00  0.0000E+00  0.0000E+00  0.0000E+00
  4.4000E+01  0.0000E+00  0.0000E+00  0.0000E+00  0.0000E+00
  4.4000E+01  8.2069E+00  1.5693E+01 -7.4859E+00 -1.0209E+00
  4.4000E+01  8.3053E+00  1.5753E+01 -7.4478E+00 -9.6773E-01
  4.4000E+01  1.9232E+01  1.5263E+01  3.9692E+00  1.0019E+00
  4.4000E+01  1.6404E+01  1.4092E+01  2.3112E+00  7.5338E-01
  4.4000E+01  8.1525E+00  1.1105E+01 -2.9524E+00 -3.4346E-01
  4.4000E+01  5.0412E+00  8.9074E+00 -3.8662E+00 -7.2895E-01
  4.4000E+01  1.2910E+00  7.2906E+00 -5.9996E+00 -1.6158E+00
  4.4000E+01  5.2989E+00  5.2202E+00  7.8745E-02  3.7509E-01
  4.4000E+01  1.8118E+00  4.0863E+00 -2.2745E+00 -8.2114E-01
  4.4000E+01  2.7748E+00  3.0955E+00 -3.2066E-01  1.1353E-01
  4.4000E+01  2.9497E+00  2.7449E+00  2.0481E-01  4.3194E-01
  4.4000E+01  0.0000E+00  2.4732E+00  0.0000E+00  0.0000E+00
  4.5000E+01  0.0000E+00  0.0000E+00  0.0000E+00  0.0000E+00
  4.5000E+01  0.0000E+00  0.0000E+00  0.0000E+00  0.0000E+00
  4.5000E+01  1.3434E+01  1.5693E+01 -2.2589E+00 -5.3644E-01
  4.5000E+01  1.1857E+01  1.5753E+01 -3.8966E+00 -8.3030E-01
  4.5000E+01  2.2252E+01  1.5263E+01  6.9886E+00  1.0393E+00
  4.5000E+01  1.5460E+01  1.4092E+01  1.3675E+00  6.9399E-02
  4.5000E+01  7.2778E+00  1.1105E+01 -3.8271E+00 -1.0820E+00
  4.5000E+01  1.0976E+01  8.9074E+00  2.0683E+00  3.6262E-01
  4.5000E+01  1.0899E+01  7.2906E+00  3.6084E+00  9.6194E-01
  4.5000E+01  9.6733E+00  5.2202E+00  4.4531E+00  1.6647E+00
  4.5000E+01  6.5446E+00  4.0863E+00  2.4583E+00  1.0226E+00
  4.5000E+01  3.5422E+00  3.0955E+00  4.4674E-01  5.9481E-02
  4.5000E+01  3.6324E+00  2.7449E+00  8.8751E-01  3.7487E-01
  4.5000E+01  3.4846E+00  2.4732E+00  1.0114E+00  5.0345E-01
  4.6000E+01  0.0000E+00  0.0000E+00  0.0000E+00  0.0000E+00
  4.6000E+01  0.0000E+00  0.0000E+00  0.0000E+00  0.0000E+00
  4.6000E+01  2.3244E+01  1.5693E+01  7.5515E+00  4.4868E-01
  4.6000E+01  3.3570E+01  1.5753E+01  1.7817E+01  2.0659E+00
  4.6000E+01  2.3895E+01  1.5263E+01  8.6317E+00  5.0100E-01
  4.6000E+01  2.6183E+01  1.4092E+01  1.2091E+01  1.2261E+00
  4.6000E+01  2.6889E+01  1.1105E+01  1.5784E+01  2.5677E+00
  4.6000E+01  9.1440E+00  8.9074E+00  2.3663E-01 -1.0131E+00
  4.6000E+01  1.4393E+01  7.2906E+00  7.1025E+00  1.2483E+00
  4.6000E+01  6.9547E+00  5.2202E+00  1.7345E+00 -3.0460E-01
  4.6000E+01  8.0630E+00  4.0863E+00  3.9767E+00  1.0201E+00
  4.6000E+01  3.8757E+00  3.0955E+00  7.8024E-01 -4.4336E-01
  4.6000E+01  1.3925E+00  2.7449E+00 -1.3524E+00 -1.7680E+00
  4.6000E+01  2.8538E+00  2.4732E+00  3.8061E-01 -5.8390E-01
  4.7000E+01  0.0000E+00  0.0000E+00  0.0000E+00  0.0000E+00
  4.7000E+01  0.0000E+00  0.0000E+00  0.0000E+00  0.0000E+00
  4.7000E+01  1.0286E+01  1.5693E+01 -5.4069E+00 -9.6277E-01
  4.7000E+01  1.7427E+01  1.5753E+01  1.6738E+00  2.4265E-01
  4.7000E+01  1.7658E+01  1.5263E+01  2.3953E+00  3.7385E-01
  4.7000E+01  1.5368E+01  1.4092E+01  1.2760E+00  1.9366E-01
  4.7000E+01  1.1791E+01  1.1105E+01  6.8600E-01  1.1152E-01
  4.7000E+01  9.4430E+00  8.9074E+00  5.3563E-01  1.0165E-01
  4.7000E+01  8.3234E+00  7.2906E+00  1.0328E+00  2.9099E-01
  4.7000E+01  6.4331E+00  5.2202E+00  1.2129E+00  4.6908E-01
  4.7000E+01  4.8279E+00  4.0863E+00  7.4162E-01  3.3227E-01
  4.7000E+01  1.3682E+00  3.0955E+00 -1.7273E+00 -1.0905E+00
  4.7000E+01  2.6943E+00  2.7449E+00 -5.0594E-02 -7.0922E-02
  4.7000E+01  2.1298E+00  2.4732E+00 -3.4339E-01 -2.7561E-01
  4.8000E+01  0.0000E+00  0.0000E+00  0.0000E+00  0.0000E+00
  4.8000E+01  0.0000E+00  0.0000E+00  0.0000E+00  0.0000E+00
  4.8000E+01  1.9389E+01  1.5693E+01  3.6966E+00  7.2261E-01
  4.8000E+01  2.7367E+01  1.5753E+01  1.1614E+01  2.0716E+00
  4.8000E+01  1.9222E+01  1.5263E+01  3.9588E+00  7.9638E-01
  4.8000E+01  1.3528E+00  1.4092E+01 -1.2740E+01 -2.2669E+00
  4.8000E+01  1.2841E+01  1.1105E+01  1.7357E+00  5.2848E-01
  4.8000E+01  4.7108E+00  8.9074E+00 -4.1966E+00 -1.0239E+00
  4.8000E+01  4.8772E+00  7.2906E+00 -2.4134E+00 -6.3902E-01
  4.8000E+01  1.8465E+00  5.2202E+00 -3.3737E+00 -1.2697E+00
  4.8000E+01  2.1041E+00  4.0863E+00 -1.9822E+00 -8.3967E-01
  4.8000E+01  1.2240E+00  3.0955E+00 -1.8715E+00 -9.7838E-01
  4.8000E+01  1.6861E+00  2.7449E+00 -1.0588E+00 -5.3640E-01
  4.8000E+01  1.9378E+00  2.4732E+00 -5.3539E-01 -2.1861E-01
  4.9000E+01  0.0000E+00  0.0000E+00  0.0000E+00  0.0000E+00
  4.9000E+01  0.0000E+00  0.0000E+00  0.0000E+00  0.0000E+00
  4.9000E+01  2.6379E+01  1.5693E+01  1.0687E+01  1.0450E+00
  4.9000E+01  2.5956E+01  1.5753E+01  1.0203E+01  8.4105E-01
  4.9000E+01  2.4618E+01  1.5263E+01  9.3552E+00  6.9712E-01
  4.9000E+01  2.7098E+01  1.4092E+01  1.3006E+01  1.4684E+00
  4.9000E+01  1.9420E+01  1.1105E+01  8.3153E+00  9.1883E-01
  4.9000E+01  1.1310E+01  8.9074E+00  2.4026E+00 -3.4300E-01
  4.9000E+01  1.7694E+01  7.2906E+00  1.0403E+01  2.3942E+00
  4.9000E+01  7.5869E+00  5.2202E+00  2.3667E+00  2.3081E-02
  4.9000E+01  4.1489E+00  4.0863E+00  6.2616E-02 -9.0610E-01
  4.9000E+01  5.0029E+00  3.0955E+00  1.9074E+00  2.8991E-01
  4.9000E+01  2.7075E+00  2.7449E+00 -3.7394E-02 -8.6167E-01
  4.9000E+01  4.0951E+00  2.4732E+00  1.6219E+00  3.2331E-01
  5.0000E+01  0.0000E+00  0.0000E+00  0.0000E+00  0.0000E+00
  5.0000E+01  0.0000E+00  0.0000E+00  0.0000E+00  0.0000E+00
  5.0000E+01  1.1169E+01  1.5693E+01 -4.5238E+00 -7.9119E-01
  5.0000E+01  1.1165E+01  1.5753E+01 -4.5884E+00 -7.9664E-01
  5.0000E+01  1.3803E+01  1.5263E+01 -1.4602E+00 -2.7432E-01
  5.0000E+01  1.4214E+01  1.4092E+01  1.2140E-01 -1.0186E-03
  5.0000E+01  9.8172E+00  1.1105E+01 -1.2877E+00 -3.3097E-01
  5.0000E+01  1.3015E+01  8.9074E+00  4.1078E+00  1.0960E+00
  5.0000E+01  9.6509E+00  7.2906E+00  2.3603E+00  7.1923E-01
  5.0000E+01  5.0341E+00  5.2202E+00 -1.8606E-01 -1.4379E-01
  5.0000E+01  7.4155E+00  4.0863E+00  3.3292E+00  1.6136E+00
  5.0000E+01  3.6031E+00  3.0955E+00  5.0764E-01  2.3486E-01
  5.0000E+01  3.9826E+00  2.7449E+00  1.2377E+00  7.3688E-01
  5.0000E+01  4.2460E+00  2.4732E+00  1.7728E+00  1.1615E+00
  5.1000E+01  0.0000E+00  0.0000E+00  0.0000E+00  0.0000E+00
  5.1000E+01  0.0000E+00  0.0000E+00  0.0000E+00  0.0000E+00
  5.1000E+01  1.4798E+01  1.5693E+01 -8.9437E-01 -4.6475E-01
  5.1000E+01  2.8457E+01  1.5753E+01  1.2704E+01  1.8025E+00
  5.1000E+01  2.0313E+01  1.5263E+01  5.0501E+00  5.1038E-01
  5.1000E+01  1.9468E+01  1.4092E+01  5.3757E+00  6.2550E-01
  5.1000E+01  1.4787E+01  1.1105E+01  3.6822E+00  4.6168E-01
  5.1000E+01  1.0945E+01  8.9074E+00  2.0372E+00  1.7993E-01
  5.1000E+01  7.6817E+00  7.2906E+00  3.9109E-01 -2.5213E-01
  5.1000E+01  5.7690E+00  5.2202E+00  5.4884E-01 -1.2777E-01
  5.1000E+01  4.9313E+00  4.0863E+00  8.4502E-01  8.8401E-02
  5.1000E+01  2.0412E+00  3.0955E+00 -1.0543E+00 -9.5094E-01
  5.1000E+01  7.6680E-01  2.7449E+00 -1.9781E+00 -1.5919E+00
  5.1000E+01  2.4219E+00  2.4732E+00 -5.1286E-02 -3.1890E-01
  5.2000E+01  0.0000E+00  0.0000E+00  0.0000E+00  0.0000E+00
  5.2000E+01  0.0000E+00  0.0000E+00  0.0000E+00  0.0000E+00
  5.2000E+01  1.2211E+01  1.5693E+01 -3.4813E+00 -8.0836E-01
  5.2000E+01  1.3404E+01  1.5753E+01 -2.3493E+00 -6.3882E-01
  5.2000E+01  1.9979E+01  1.5263E+01  4.7162E+00  5.6979E-01
  5.2000E+01  2.2338E+01  1.4092E+01  8.2460E+00  1.2808E+00
  5.2000E+01  1.2814E+01  1.1105E+01  1.7092E+00  1.2278E-01
  5.2000E+01  1.3306E+01  8.9074E+00  4.3983E+00  9.4531E-01
  5.2000E+01  1.1033E+01  7.2906E+00  3.7425E+00  9.4780E-01
  5.2000E+01  6.4217E+00  5.2202E+00  1.2015E+00  2.3955E-01
  5.2000E+01  2.8473E+00  4.0863E+00 -1.2390E+00 -8.8564E-01
  5.2000E+01  3.1887E+00  3.0955E+00  9.3240E-02 -1.8401E-01
  5.2000E+01  3.3733E+00  2.7449E+00  6.2841E-01  1.8028E-01
  5.2000E+01  2.0589E+00  2.4732E+00 -4.1429E-01 -5.1217E-01
  5.3000E+01  0.0000E+00  0.0000E+00  0.0000E+00  0.0000E+00
  5.3000E+01  0.0000E+00  0.0000E+00  0.0000E+00  0.0000E+00
  5.3000E+01  1.7815E+01  1.5693E+01  2.1225E+00  3.2522E-01
  5.3000E+01  3.3602E+01  1.5753E+01  1.7849E+01  2.9847E+00
  5.3000E+01  2.0191E+01  1.5263E+01  4.9280E+00  8.1424E-01
  5.3000E+01  1.4611E+01  1.4092E+01  5.1860E-01  5.7622E-02
  5.3000E+01  1.2601E+01  1.1105E+01  1.4956E+00  3.2362E-01
  5.3000E+01  3.3159E+00  8.9074E+00 -5.5915E+00 -1.5546E+00
  5.3000E+01  2.2498E+00  7.2906E+00 -5.0408E+00 -1.6345E+00
  5.3000E+01  1.2085E+00  5.2202E+00 -4.0117E+00 -1.6604E+00
  5.3000E+01  3.3050E-01  4.0863E+00 -3.7558E+00 -1.8444E+00
  5.3000E+01  1.4531E+00  3.0955E+00 -1.6424E+00 -9.3153E-01
  5.3000E+01  4.3050E-01  2.7449E+00 -2.3144E+00 -1.4456E+00
  5.3000E+01  1.0867E+00  2.4732E+00 -1.3865E+00 -8.9289E-01
  5.4000E+01  0.0000E+00  0.0000E+00  0.0000E+00  0.0000E+00
  5.4000E+01  0.0000E+00  0.0000E+00  0.0000E+00  0.0000E+00
  5.4000E+01  1.6232E+01  1.5693E+01  5.3933E-01 -1.0960E-01
  5.4000E+01  1.1617E+01  1.5753E+01 -4.1360E+00 -9.3112E-01
  5.4000E+01  3.1203E+01  1.5263E+01  1.5940E+01  2.5375E+00
  5.4000E+01  2.4044E+01  1.4092E+01  9.9522E+00  1.6162E+00
  5.4000E+01  1.3443E+01  1.1105E+01  2.3381E+00  2.9604E-01
  5.4000E+01  5.0786E+00  8.9074E+00 -3.8288E+00 -1.2994E+00
  5.4000E+01  8.4452E+00  7.2906E+00  1.1546E+00  1.5008E-01
  5.4000E+01  4.1393E+00  5.2202E+00 -1.0809E+00 -6.6598E-01
  5.4000E+01  4.4505E+00  4.0863E+00  3.6422E-01 -5.5208E-03
  5.4000E+01  9.7550E-01  3.0955E+00 -2.1200E+00 -1.4577E+00
  5.4000E+01  4.7530E-01  2.7449E+00 -2.2696E+00 -1.6456E+00
  5.4000E+01  1.9449E+00  2.4732E+00 -5.2829E-01 -5.1805E-01
  5.5000E+01  0.0000E+00  0.0000E+00  0.0000E+00  0.0000E+00
  5.5000E+01  0.0000E+00  0.0000E+00  0.0000E+00  0.0000E+00
  5.5000E+01  7.5675E+00  1.5693E+01 -8.1253E+00 -1.1382E+00
  5.5000E+01  1.5225E+01  1.5753E+01 -5.2786E-01  1.9777E-01
  5.5000E+01  1.3302E+01  1.5263E+01 -1.9610E+00 -4.0122E-02
  5.5000E+01  1.5127E+01  1.4092E+01  1.0350E+00  5.0597E-01
  5.5000E+01  8.4884E+00  1.1105E+01 -2.6165E+00 -2.7393E-01
  5.5000E+01  8.2331E+00  8.9074E+00 -6.7427E-01  1.5085E-01
  5.5000E+01  2.5786E+00  7.2906E+00 -4.7120E+00 -1.1994E+00
  5.5000E+01  2.7634E+00  5.2202E+00 -2.4568E+00 -7.0237E-01
  5.5000E+01  3.5355E+00  4.0863E+00 -5.5078E-01  5.0508E-02
  5.5000E+01  2.1127E+00  3.0955E+00 -9.8276E-01 -2.8795E-01
  5.5000E+01  7.9180E-01  2.7449E+00 -1.9531E+00 -9.8033E-01
  5.5000E+01  0.0000E+00  2.4732E+00  0.0000E+00  0.0000E+00
  5.6000E+01  0.0000E+00  0.0000E+00  0.0000E+00  0.0000E+00
  5.6000E+01  0.0000E+00  0.0000E+00  0.0000E+00  0.0000E+00
  5.6000E+01  3.0040E+01  1.5693E+01  1.4347E+01  1.8959E+00
  5.6000E+01  2.0550E+01  1.5753E+01  4.7974E+00  1.7656E-01
  5.6000E+01  3.4131E+01  1.5263E+01  1.8868E+01  2.6213E+00
  5.6000E+01  3.6792E+01  1.4092E+01  2.2699E+01  3.5625E+00
  5.6000E+01  1.6402E+01  1.1105E+01  5.2975E+00  5.3861E-01
  5.6000E+01  4.9389E+00  8.9074E+00 -3.9685E+00 -1.7718E+00
  5.6000E+01  3.0956E+00  7.2906E+00 -4.1950E+00 -2.0236E+00
  5.6000E+01  3.2828E+00  5.2202E+00 -1.9374E+00 -1.4247E+00
  5.6000E+01  1.8095E+00  4.0863E+00 -2.2768E+00 -1.7102E+00
  5.6000E+01  2.2246E+00  3.0955E+00 -8.7086E-01 -1.0306E+00
  5.6000E+01  5.0150E-01  2.7449E+00 -2.2434E+00 -1.9451E+00
  5.6000E+01  1.7485E+00  2.4732E+00 -7.2469E-01 -9.5758E-01
  5.7000E+01  0.0000E+00  0.0000E+00  0.0000E+00  0.0000E+00
  5.7000E+01  0.0000E+00  0.0000E+00  0.0000E+00  0.0000E+00
  5.7000E+01  2.1697E+01  1.5693E+01  6.0044E+00 -1.9566E-02
  5.7000E+01  3.1363E+01  1.5753E+01  1.5610E+01  1.4613E+00
  5.7000E+01  3.2477E+01  1.5263E+01  1.7214E+01  1.7544E+00
  5.7000E+01  3.2332E+01  1.4092E+01  1.8240E+01  2.1247E+00
  5.7000E+01  1.8159E+01  1.1105E+01  7.0545E+00  2.9407E-01
  5.7000E+01  1.9319E+01  8.9074E+00  1.0411E+01  1.5399E+00
  5.7000E+01  1.4967E+01  7.2906E+00  7.6760E+00  1.1600E+00
  5.7000E+01  7.3950E+00  5.2202E+00  2.1748E+00 -3.9239E-01
  5.7000E+01  7.2472E+00  4.0863E+00  3.1609E+00  3.4044E-01
  5.7000E+01  6.1670E+00  3.0955E+00  3.0715E+00  6.9873E-01
  5.7000E+01  3.3844E+00  2.7449E+00  6.3951E-01 -7.0655E-01
  5.7000E+01  4.1479E+00  2.4732E+00  1.6747E+00  8.1429E-02
  5.8000E+01  0.0000E+00  0.0000E+00  0.0000E+00  0.0000E+00
  5.8000E+01  0.0000E+00  0.0000E+00  0.0000E+00  0.0000E+00
  5.8000E+01  1.4276E+01  1.5693E+01 -1.4164E+00 -2.6351E-01
  5.8000E+01  2.2524E+01  1.5753E+01  6.7709E+00  1.1250E+00
  5.8000E+01  2.1467E+01  1.5263E+01  6.2042E+00  1.0566E+00
  5.8000E+01  1.6962E+01  1.4092E+01  2.8702E+00  5.1449E-01
  5.8000E+01  8.5068E+00  1.1105E+01 -2.5981E+00 -6.1127E-01
  5.8000E+01  5.8102E+00  8.9074E+00 -3.0972E+00 -8.6419E-01
  5.8000E+01  5.3597E+00  7.2906E+00 -1.9309E+00 -6.2798E-01
  5.8000E+01  4.8543E+00  5.2202E+00 -3.6586E-01 -1.3900E-01
  5.8000E+01  1.4214E+00  4.0863E+00 -2.6649E+00 -1.3248E+00
  5.8000E+01  1.4348E+00  3.0955E+00 -1.6607E+00 -9.8117E-01
  5.8000E+01  2.1047E+00  2.7449E+00 -6.4019E-01 -3.8854E-01
  5.8000E+01  0.0000E+00  2.4732E+00  0.0000E+00  0.0000E+00
  5.9000E+01  0.0000E+00  0.0000E+00  0.0000E+00  0.0000E+00
  5.9000E+01  0.0000E+00  0.0000E+00  0.0000E+00  0.0000E+00
  5.9000E+01  6.3112E+00  1.5693E+01 -9.3816E+00 -1.1236E+00
  5.9000E+01  1.1297E+01  1.5753E+01 -4.4564E+00 -2.0819E-01
  5.9000E+01  4.4314E+00  1.5263E+01 -1.0832E+01 -1.3131E+00
  5.9000E+01  9.0481E+00  1.4092E+01 -5.0442E+00 -3.5163E-01
  5.9000E+01  7.2500E+00  1.1105E+01 -3.8549E+00 -2.7856E-01
  5.9000E+01  3.2941E+00  8.9074E+00 -5.6133E+00 -9.4327E-01
  5.9000E+01  5.7996E+00  7.2906E+00 -1.4910E+00  1.2487E-01
  5.9000E+01  3.2142E+00  5.2202E+00 -2.0060E+00 -2.5911E-01
  5.9000E+01  5.1059E+00  4.0863E+00  1.0196E+00  1.0793E+00
  5.9000E+01  1.4424E+00  3.0955E+00 -1.6531E+00 -4.8487E-01
  5.9000E+01  2.2035E+00  2.7449E+00 -5.4139E-01  1.4524E-01
  5.9000E+01  2.8306E+00  2.4732E+00  3.5741E-01  7.3068E-01
  6.0000E+01  0.0000E+00  0.0000E+00  0.0000E+00  0.0000E+00
  6.0000E+01  0.0000E+00  0.0000E+00  0.0000E+00  0.0000E+00
  6.0000E+01  1.1885E+01  1.5693E+01 -3.8075E+00 -9.1645E-01
  6.0000E+01  1.5040E+01  1.5753E+01 -7.1256E-01 -4.2017E-01
  6.0000E+01  2.3893E+01  1.5263E+01  8.6303E+00  1.1895E+00
  6.0000E+01  2.1738E+01  1.4092E+01  7.6454E+00  1.1037E+00
  6.0000E+01  1.0117E+01  1.1105E+01 -9.8760E-01 -5.6757E-01
  6.0000E+01  1.1178E+01  8.9074E+00  2.2706E+00  2.8161E-01
  6.0000E+01  1.3482E+01  7.2906E+00  6.1915E+00  1.6737E+00
  6.0000E+01  4.9991E+00  5.2202E+00 -2.2106E-01 -4.4104E-01
  6.0000E+01  2.7586E+00  4.0863E+00 -1.3277E+00 -1.0075E+00
  6.0000E+01  5.8960E+00  3.0955E+00  2.8005E+00  1.3889E+00
  6.0000E+01  3.8627E+00  2.7449E+00  1.1178E+00  4.2823E-01
  6.0000E+01  3.7481E+00  2.4732E+00  1.2749E+00  5.9407E-01
  6.1000E+01  0.0000E+00  0.0000E+00  0.0000E+00  0.0000E+00
  6.1000E+01  0.0000E+00  0.0000E+00  0.0000E+00  0.0000E+00
  6.1000E+01  5.7093E+00  1.5693E+01 -9.9835E+00 -1.1706E+00
  6.1000E+01  9.8504E+00  1.5753E+01 -5.9027E+00 -3.9013E-01
  6.1000E+01  8.9161E+00  1.5263E+01 -6.3470E+00 -4.6513E-01
  6.1000E+01  3.8388E+00  1.4092E+01 -1.0254E+01 -1.2553E+00
  6.1000E+01  7.2134E+00  1.1105E+01 -3.8915E+00 -2.1171E-01
  6.1000E+01  5.1070E+00  8.9074E+00 -3.8004E+00 -3.6055E-01
  6.1000E+01  5.3960E+00  7.2906E+00 -1.8946E+00  7.4966E-02
  6.1000E+01  3.6210E+00  5.2202E+00 -1.5992E+00 -2.2163E-03
  6.1000E+01  2.7911E+00  4.0863E+00 -1.2952E+00 -7.9703E-03
  6.1000E+01  1.0157E+00  3.0955E+00 -2.0798E+00 -6.6350E-01
  6.1000E+01  2.8325E+00  2.7449E+00  8.7606E-02  6.3663E-01
  6.1000E+01  2.1180E-01  2.4732E+00 -2.2614E+00 -1.0174E+00
  6.2000E+01  0.0000E+00  0.0000E+00  0.0000E+00  0.0000E+00
  6.2000E+01  0.0000E+00  0.0000E+00  0.0000E+00  0.0000E+00
  6.2000E+01  1.6437E+01  1.5693E+01  7.4443E-01 -1.3859E-01
  6.2000E+01  2.1877E+01  1.5753E+01  6.1243E+00  7.3731E-01
  6.2000E+01  1.9178E+01  1.5263E+01  3.9146E+00  3.6682E-01
  6.2000E+01  2.4624E+01  1.4092E+01  1.0532E+01  1.6464E+00
  6.2000E+01  2.0065E+01  1.1105E+01  8.9603E+00  1.7411E+00
  6.2000E+01  1.1689E+01  8.9074E+00  2.7819E+00  4.5649E-01
  6.2000E+01  3.9018E+00  7.2906E+00 -3.3888E+00 -1.4148E+00
  6.2000E+01  2.2002E+00  5.2202E+00 -3.0200E+00 -1.5623E+00
  6.2000E+01  2.8521E+00  4.0863E+00 -1.2342E+00 -8.8365E-01
  6.2000E+01  1.1710E+00  3.0955E+00 -1.9245E+00 -1.4019E+00
  6.2000E+01  0.0000E+00  2.7449E+00  0.0000E+00  0.0000E+00
  6.2000E+01  6.1830E-01  2.4732E+00 -1.8549E+00 -1.5003E+00
  6.3000E+01  0.0000E+00  0.0000E+00  0.0000E+00  0.0000E+00
  6.3000E+01  0.0000E+00  0.0000E+00  0.0000E+00  0.0000E+00
  6.3000E+01  1.9116E+01  1.5693E+01  3.4232E+00  3.0620E-01
  6.3000E+01  1.8712E+01  1.5753E+01  2.9588E+00  1.8423E-01
  6.3000E+01  2.4858E+01  1.5263E+01  9.5954E+00  1.3394E+00
  6.3000E+01  2.2039E+01  1.4092E+01  7.9470E+00  1.1453E+00
  6.3000E+01  1.3448E+01  1.1105E+01  2.3436E+00  1.9679E-01
  6.3000E+01  8.5440E+00  8.9074E+00 -3.6337E-01 -4.4008E-01
  6.3000E+01  1.1935E+01  7.2906E+00  4.6449E+00  1.1886E+00
  6.3000E+01  3.1225E+00  5.2202E+00 -2.0977E+00 -1.1987E+00
  6.3000E+01  3.5877E+00  4.0863E+00 -4.9858E-01 -5.3972E-01
  6.3000E+01  1.0899E+00  3.0955E+00 -2.0056E+00 -1.4793E+00
  6.3000E+01  2.0401E+00  2.7449E+00 -7.0479E-01 -7.0781E-01
  6.3000E+01  9.5750E-01  2.4732E+00 -1.5157E+00 -1.2911E+00
  6.4000E+01  0.0000E+00  0.0000E+00  0.0000E+00  0.0000E+00
  6.4000E+01  0.0000E+00  0.0000E+00  0.0000E+00  0.0000E+00
  6.4000E+01  1.5893E+01  1.5693E+01  1.9993E-01 -2.4250E-02
  6.4000E+01  1.1962E+01  1.5753E+01 -3.7913E+00 -7.0958E-01
  6.4000E+01  2.4016E+01  1.5263E+01  8.7528E+00  1.4550E+00
  6.4000E+01  1.4232E+01  1.4092E+01  1.4000E-01 -4.6250E-02
  6.4000E+01  7.2874E+00  1.1105E+01 -3.8175E+00 -9.5605E-01
  6.4000E+01  6.9742E+00  8.9074E+00 -1.9332E+00 -6.1717E-01
  6.4000E+01  8.8442E+00  7.2906E+00  1.5536E+00  4.2584E-01
  6.4000E+01  7.8356E+00  5.2202E+00  2.6154E+00  1.0254E+00
  6.4000E+01  3.4816E+00  4.0863E+00 -6.0468E-01 -3.8827E-01
  6.4000E+01  5.1240E+00  3.0955E+00  2.0285E+00  1.1555E+00
  6.4000E+01  3.2248E+00  2.7449E+00  4.7991E-01  2.3782E-01
  6.4000E+01  2.4729E+00  2.4732E+00 -2.8560E-04 -7.4923E-02
  6.5000E+01  0.0000E+00  0.0000E+00  0.0000E+00  0.0000E+00
  6.5000E+01  0.0000E+00  0.0000E+00  0.0000E+00  0.0000E+00
  6.5000E+01  1.0717E+01  1.5693E+01 -4.9757E+00 -8.9906E-01
  6.5000E+01  1.8395E+01  1.5753E+01  2.6414E+00  3.9562E-01
  6.5000E+01  1.5518E+01  1.5263E+01  2.5485E-01 -1.1547E-02
  6.5000E+01  1.2729E+01  1.4092E+01 -1.3634E+00 -3.1484E-01
  6.5000E+01  8.8085E+00  1.1105E+01 -2.2964E+00 -5.9851E-01
  6.5000E+01  1.0139E+01  8.9074E+00  1.2320E+00  2.6387E-01
  6.5000E+01  7.2670E+00  7.2906E+00 -2.3612E-02 -9.2677E-02
  6.5000E+01  8.2104E+00  5.2202E+00  2.9902E+00  1.1747E+00
  6.5000E+01  6.2742E+00  4.0863E+00  2.1879E+00  1.0107E+00
  6.5000E+01  5.6937E+00  3.0955E+00  2.5982E+00  1.4848E+00
  6.5000E+01  5.2555E+00  2.7449E+00  2.5106E+00  1.5504E+00
  6.5000E+01  1.1113E+00  2.4732E+00 -1.3619E+00 -1.0431E+00
  6.6000E+01  0.0000E+00  0.0000E+00  0.0000E+00  0.0000E+00
  6.6000E+01  0.0000E+00  0.0000E+00  0.0000E+00  0.0000E+00
  6.6000E+01  9.4416E+00  1.5693E+01 -6.2512E+00 -9.3934E-01
  6.6000E+01  1.2245E+01  1.5753E+01 -3.5081E+00 -4.4572E-01
  6.6000E+01  1.1237E+01  1.5263E+01 -4.0257E+00 -5.4614E-01
  6.6000E+01  7.3586E+00  1.4092E+01 -6.7337E+00 -1.1027E+00
  6.6000E+01  4.6793E+00  1.1105E+01 -6.4256E+00 -1.3327E+00
  6.6000E+01  1.1430E+01  8.9074E+00  2.5230E+00  8.3571E-01
  6.6000E+01  1.0297E+01  7.2906E+00  3.0068E+00  1.1065E+00
  6.6000E+01  8.1029E+00  5.2202E+00  2.8827E+00  1.3221E+00
  6.6000E+01  6.8244E+00  4.0863E+00  2.7381E+00  1.4679E+00
  6.6000E+01  4.2730E+00  3.0955E+00  1.1775E+00  7.8100E-01
  6.6000E+01  5.2896E+00  2.7449E+00  2.5447E+00  1.7252E+00
  6.6000E+01  3.5341E+00  2.4732E+00  1.0609E+00  7.9107E-01
  6.7000E+01  0.0000E+00  0.0000E+00  0.0000E+00  0.0000E+00
  6.7000E+01  0.0000E+00  0.0000E+00  0.0000E+00  0.0000E+00
  6.7000E+01  2.1140E+01  1.5693E+01  5.4471E+00  2.6900E-01
  6.7000E+01  2.9505E+01  1.5753E+01  1.3752E+01  1.5810E+00
  6.7000E+01  1.4116E+01  1.5263E+01 -1.1471E+00 -9.8795E-01
  6.7000E+01  3.2900E+01  1.4092E+01  1.8808E+01  2.7015E+00
  6.7000E+01  1.7756E+01  1.1105E+01  6.6511E+00  6.8972E-01
  6.7000E+01  1.0296E+01  8.9074E+00  1.3889E+00 -4.6812E-01
  6.7000E+01  1.5877E+01  7.2906E+00  8.5868E+00  1.9562E+00
  6.7000E+01  8.6768E+00  5.2202E+00  3.4566E+00  6.3728E-01
  6.7000E+01  3.8247E+00  4.0863E+00 -2.6158E-01 -9.2452E-01
  6.7000E+01  3.2112E+00  3.0955E+00  1.1574E-01 -6.6491E-01
  6.7000E+01  4.7284E+00  2.7449E+00  1.9835E+00  5.9318E-01
  6.7000E+01  2.4681E+00  2.4732E+00 -5.0856E-03 -6.8504E-01
  6.8000E+01  0.0000E+00  0.0000E+00  0.0000E+00  0.0000E+00
  6.8000E+01  0.0000E+00  0.0000E+00  0.0000E+00  0.0000E+00
  6.8000E+01  1.8959E+01  1.5693E+01  3.2658E+00  1.7666E-02
  6.8000E+01  2.1699E+01  1.5753E+01  5.9463E+00  3.9551E-01
  6.8000E+01  2.2083E+01  1.5263E+01  6.8201E+00  5.4427E-01
  6.8000E+01  1.6835E+01  1.4092E+01  2.7428E+00 -1.5478E-01
  6.8000E+01  1.8288E+01  1.1105E+01  7.1836E+00  9.5279E-01
  6.8000E+01  1.1409E+01  8.9074E+00  2.5015E+00 -2.6897E-02
  6.8000E+01  1.3116E+01  7.2906E+00  5.8257E+00  1.1757E+00
  6.8000E+01  9.1931E+00  5.2202E+00  3.9729E+00  9.6067E-01
  6.8000E+01  7.8401E+00  4.0863E+00  3.7538E+00  1.1971E+00
  6.8000E+01  5.4888E+00  3.0955E+00  2.3933E+00  7.9499E-01
  6.8000E+01  6.4028E+00  2.7449E+00  3.6579E+00  1.7581E+00
  6.8000E+01  3.6277E+00  2.4732E+00  1.1545E+00  1.8532E-01
  6.9000E+01  0.0000E+00  0.0000E+00  0.0000E+00  0.0000E+00
  6.9000E+01  0.0000E+00  0.0000E+00  0.0000E+00  0.0000E+00
  6.9000E+01  5.0640E+00  1.5693E+01 -1.0629E+01 -1.7026E+00
  6.9000E+01  1.4082E+01  1.5753E+01 -1.6714E+00 -1.4934E-01
  6.9000E+01  1.1173E+01  1.5263E+01 -4.0900E+00 -5.7288E-01
  6.9000E+01  1.3481E+01  1.4092E+01 -6.1140E-01  2.6682E-02
  6.9000E+01  9.7865E+00  1.1105E+01 -1.3184E+00 -1.6746E-01
  6.9000E+01  7.9889E+00  8.9074E+00 -9.1847E-01 -1.2634E-01
  6.9000E+01  7.8592E+00  7.2906E+00  5.6859E-01  3.0617E-01
  6.9000E+01  7.6281E+00  5.2202E+00  2.4079E+00  1.1244E+00
  6.9000E+01  4.9058E+00  4.0863E+00  8.1952E-01  5.0480E-01
  6.9000E+01  7.6919E+00  3.0955E+00  4.5964E+00  2.8723E+00
  6.9000E+01  3.3428E+00  2.7449E+00  5.9791E-01  4.6124E-01
  6.9000E+01  1.6271E+00  2.4732E+00 -8.4609E-01 -5.2539E-01
  7.0000E+01  0.0000E+00  0.0000E+00  0.0000E+00  0.0000E+00
  7.0000E+01  0.0000E+00  0.0000E+00  0.0000E+00  0.0000E+00
  7.0000E+01  9.3944E+00  1.5693E+01 -6.2984E+00 -1.3280E+00
  7.0000E+01  2.2695E+01  1.5753E+01  6.9420E+00  8.9631E-01
  7.0000E+01  1.3355E+01  1.5263E+01 -1.9084E+00 -6.2871E-01
  7.0000E+01  1.7246E+01  1.4092E+01  3.1536E+00  2.8008E-01
  7.0000E+01  1.4551E+01  1.1105E+01  3.4464E+00  4.6197E-01
  7.0000E+01  9.9166E+00  8.9074E+00  1.0092E+00 -6.7224E-02
  7.0000E+01  1.0121E+01  7.2906E+00  2.8309E+00  5.6882E-01
  7.0000E+01  6.9588E+00  5.2202E+00  1.7386E+00  3.7408E-01
  7.0000E+01  1.0891E+01  4.0863E+00  6.8046E+00  3.0848E+00
  7.0000E+01  1.0368E+00  3.0955E+00 -2.0587E+00 -1.5953E+00
  7.0000E+01  8.3007E+00  2.7449E+00  5.5558E+00  3.3081E+00
  7.0000E+01  3.6479E+00  2.4732E+00  1.1747E+00  4.9430E-01
  7.1000E+01  0.0000E+00  0.0000E+00  0.0000E+00  0.0000E+00
  7.1000E+01  0.0000E+00  0.0000E+00  0.0000E+00  0.0000E+00
  7.1000E+01  1.4852E+01  1.5693E+01 -8.4037E-01  1.0058E-01
  7.1000E+01  1.3016E+01  1.5753E+01 -2.7368E+00 -1.8756E-01
  7.1000E+01  1.4564E+01  1.5263E+01 -6.9915E-01  1.6889E-01
  7.1000E+01  9.1538E+00  1.4092E+01 -4.9385E+00 -6.2089E-01
  7.1000E+01  1.3613E+01  1.1105E+01  2.5083E+00  8.9677E-01
  7.1000E+01  5.1022E+00  8.9074E+00 -3.8052E+00 -7.2615E-01
  7.1000E+01  4.2268E+00  7.2906E+00 -3.0638E+00 -6.6634E-01
  7.1000E+01  1.1993E+00  5.2202E+00 -4.0209E+00 -1.3692E+00
  7.1000E+01  2.3355E+00  4.0863E+00 -1.7508E+00 -5.5858E-01
  7.1000E+01  0.0000E+00  3.0955E+00  0.0000E+00  0.0000E+00
  7.1000E+01  2.2317E+00  2.7449E+00 -5.1319E-01 -3.6355E-02
  7.1000E+01  6.6470E-01  2.4732E+00 -1.8085E+00 -9.6951E-01
  7.2000E+01  0.0000E+00  0.0000E+00  0.0000E+00  0.0000E+00
  7.2000E+01  0.0000E+00  0.0000E+00  0.0000E+00  0.0000E+00
  7.2000E+01  1.6505E+01  1.5693E+01  8.1183E-01 -1.4680E-01
  7.2000E+01  2.2539E+01  1.5753E+01  6.7857E+00  8.2746E-01
  7.2000E+01  2.4766E+01  1.5263E+01  9.5030E+00  1.3162E+00
  7.2000E+01  1.4572E+01  1.4092E+01  4.7990E-01 -2.5924E-01
  7.2000E+01  1.6323E+01  1.1105E+01  5.2186E+00  8.4322E-01
  7.2000E+01  6.6477E+00  8.9074E+00 -2.2597E+00 -9.8820E-01
  7.2000E+01  1.1057E+01  7.2906E+00  3.7661E+00  8.7401E-01
  7.2000E+01  6.5315E+00  5.2202E+00  1.3113E+00  2.1193E-01
  7.2000E+01  3.9713E+00  4.0863E+00 -1.1498E-01 -3.8485E-01
  7.2000E+01  2.9386E+00  3.0955E+00 -1.5686E-01 -3.9644E-01
  7.2000E+01  1.9505E+00  2.7449E+00 -7.9439E-01 -8.0916E-01
  7.2000E+01  2.9669E+00  2.4732E+00  4.9371E-01  6.6672E-02
  7.3000E+01  0.0000E+00  0.0000E+00  0.0000E+00  0.0000E+00
  7.3000E+01  0.0000E+00  0.0000E+00  0.0000E+00  0.0000E+00
  7.3000E+01  1.2736E+01  1.5693E+01 -2.9568E+00 -4.3132E-01
  7.3000E+01  1.2095E+01  1.5753E+01 -3.6583E+00 -5.3532E-01
  7.3000E+01  1.2392E+01  1.5263E+01 -2.8713E+00 -4.1138E-01
  7.3000E+01  1.0343E+01  1.4092E+01 -3.7497E+00 -6.1122E-01
  7.3000E+01  9.4683E+00  1.1105E+01 -1.6366E+00 -2.9086E-01
  7.3000E+01  1.4551E+01  8.9074E+00  5.6440E+00  1.6479E+00
  7.3000E+01  6.2630E+00  7.2906E+00 -1.0276E+00 -2.6102E-01
  7.3000E+01  5.7207E+00  5.2202E+00  5.0054E-01  2.7658E-01
  7.3000E+01  5.3706E+00  4.0863E+00  1.2843E+00  7.0572E-01
  7.3000E+01  4.0795E+00  3.0955E+00  9.8404E-01  6.4543E-01
  7.3000E+01  3.3952E+00  2.7449E+00  6.5031E-01  4.6907E-01
  7.3000E+01  2.5541E+00  2.4732E+00  8.0914E-02  9.6130E-02
  7.4000E+01  0.0000E+00  0.0000E+00  0.0000E+00  0.0000E+00
  7.4000E+01  0.0000E+00  0.0000E+00  0.0000E+00  0.0000E+00
  7.4000E+01  9.1010E+00  1.5693E+01 -6.5918E+00 -6.5564E-01
  7.4000E+01  1.3320E+01  1.5753E+01 -2.4331E+00  1.2344E-01
  7.4000E+01  1.4426E+01  1.5263E+01 -8.3675E-01  4.1687E-01
  7.4000E+01  8.1166E+00  1.4092E+01 -5.9757E+00 -5.3347E-01
  7.4000E+01  4.3523E+00  1.1105E+01 -6.7526E+00 -9.4230E-01
  7.4000E+01  4.1107E+00  8.9074E+00 -4.7967E+00 -7.0213E-01
  7.4000E+01  2.3441E+00  7.2906E+00 -4.9465E+00 -9.8150E-01
  7.4000E+01  7.2700E-01  5.2202E+00 -4.4932E+00 -1.2749E+00
  7.4000E+01  0.0000E+00  4.0863E+00  0.0000E+00  0.0000E+00
  7.4000E+01  0.0000E+00  3.0955E+00  0.0000E+00  0.0000E+00
  7.4000E+01  9.6530E-01  2.7449E+00 -1.7796E+00 -6.1139E-01
  7.4000E+01  4.7240E-01  2.4732E+00 -2.0008E+00 -8.5723E-01
  7.5000E+01  0.0000E+00  0.0000E+00  0.0000E+00  0.0000E+00
  7.5000E+01  0.0000E+00  0.0000E+00  0.0000E+00  0.0000E+00
  7.5000E+01  1.1958E+01  1.5693E+01 -3.7349E+00 -9.6792E-01
  7.5000E+01  1.6782E+01  1.5753E+01  1.0294E+00 -1.9641E-01
  7.5000E+01  8.2824E+00  1.5263E+01 -6.9807E+00 -1.6066E+00
  7.5000E+01  2.4731E+01  1.4092E+01  1.0638E+01  1.5791E+00
  7.5000E+01  1.4491E+01  1.1105E+01  3.3859E+00  3.3746E-01
  7.5000E+01  9.2316E+00  8.9074E+00  3.2423E-01 -3.7673E-01
  7.5000E+01  1.2393E+01  7.2906E+00  5.1023E+00  1.1862E+00
  7.5000E+01  9.7181E+00  5.2202E+00  4.4979E+00  1.4117E+00
  7.5000E+01  8.7864E+00  4.0863E+00  4.7001E+00  1.8867E+00
  7.5000E+01  9.4095E+00  3.0955E+00  6.3140E+00  3.3691E+00
  7.5000E+01  4.0189E+00  2.7449E+00  1.2740E+00  3.7390E-01
  7.5000E+01  6.1508E+00  2.4732E+00  3.6776E+00  2.1137E+00
  7.6000E+01  0.0000E+00  0.0000E+00  0.0000E+00  0.0000E+00
  7.6000E+01  0.0000E+00  0.0000E+00  0.0000E+00  0.0000E+00
  7.6000E+01  1.6483E+01  1.5693E+01  7.8983E-01  2.4421E-01
  7.6000E+01  2.0790E+01  1.5753E+01  5.0369E+00  9.7788E-01
  7.6000E+01  1.7808E+01  1.5263E+01  2.5450E+00  5.7305E-01
  7.6000E+01  7.6287E+00  1.4092E+01 -6.4636E+00 -1.0717E+00
  7.6000E+01  1.1637E+01  1.1105E+01  5.3170E-01  2.7060E-01
  7.6000E+01  4.9866E+00  8.9074E+00 -3.9208E+00 -9.3140E-01
  7.6000E+01  5.0209E+00  7.2906E+00 -2.2697E+00 -5.7935E-01
  7.6000E+01  2.6179E+00  5.2202E+00 -2.6023E+00 -9.3537E-01
  7.6000E+01  3.8425E+00  4.0863E+00 -2.4378E-01  4.3534E-02
  7.6000E+01  7.8260E-01  3.0955E+00 -2.3129E+00 -1.2466E+00
  7.6000E+01  0.0000E+00  2.7449E+00  0.0000E+00  0.0000E+00
  7.6000E+01  0.0000E+00  2.4732E+00  0.0000E+00  0.0000E+00
  7.7000E+01  0.0000E+00  0.0000E+00  0.0000E+00  0.0000E+00
  7.7000E+01  0.0000E+00  0.0000E+00  0.0000E+00  0.0000E+00
  7.7000E+01  2.5272E+01  1.5693E+01  9.5791E+00  9.7294E-01
  7.7000E+01  2.0228E+01  1.5753E+01  4.4745E+00  1.9961E-03
  7.7000E+01  4.3386E+01  1.5263E+01  2.8122E+01  4.1063E+00
  7.7000E+01  1.8425E+01  1.4092E+01  4.3325E+00 -5.1490E-03
  7.7000E+01  1.3882E+01  1.1105E+01  2.7770E+00 -1.9576E-01
  7.7000E+01  1.5309E+01  8.9074E+00  6.4020E+00  9.3806E-01
  7.7000E+01  1.1907E+01  7.2906E+00  4.6168E+00  6.7846E-01
  7.7000E+01  2.6874E+00  5.2202E+00 -2.5328E+00 -1.8712E+00
  7.7000E+01  5.5418E+00  4.0863E+00  1.4555E+00 -1.9093E-02
  7.7000E+01  5.8433E+00  3.0955E+00  2.7478E+00  9.7724E-01
  7.7000E+01  1.5266E+00  2.7449E+00 -1.2183E+00 -1.4640E+00
  7.7000E+01  8.8340E-01  2.4732E+00 -1.5898E+00 -1.7478E+00
  7.8000E+01  0.0000E+00  0.0000E+00  0.0000E+00  0.0000E+00
  7.8000E+01  0.0000E+00  0.0000E+00  0.0000E+00  0.0000E+00
  7.8000E+01  1.2939E+01  1.5693E+01 -2.7540E+00 -2.7771E-01
  7.8000E+01  1.3347E+01  1.5753E+01 -2.4063E+00 -1.8855E-01
  7.8000E+01  1.6928E+01  1.5263E+01  1.6646E+00  5.2046E-01
  7.8000E+01  9.5627E+00  1.4092E+01 -4.5296E+00 -6.0760E-01
  7.8000E+01  9.6120E+00  1.1105E+01 -1.4929E+00 -9.3236E-02
  7.8000E+01  5.9949E+00  8.9074E+00 -2.9125E+00 -5.5133E-01
  7.8000E+01  5.9649E+00  7.2906E+00 -1.3257E+00 -1.7360E-01
  7.8000E+01  5.3802E+00  5.2202E+00  1.6004E-01  3.2524E-01
  7.8000E+01  3.8644E+00  4.0863E+00 -2.2188E-01  1.3707E-01
  7.8000E+01  1.0878E+00  3.0955E+00 -2.0077E+00 -9.8705E-01
  7.8000E+01  1.0060E+00  2.7449E+00 -1.7389E+00 -9.1297E-01
  7.8000E+01  0.0000E+00  2.4732E+00  0.0000E+00  0.0000E+00
  7.9000E+01  0.0000E+00  0.0000E+00  0.0000E+00  0.0000E+00
  7.9000E+01  0.0000E+00  0.0000E+00  0.0000E+00  0.0000E+00
  7.9000E+01  1.2234E+01  1.5693E+01 -3.4586E+00 -6.3976E-01
  7.9000E+01  1.9136E+01  1.5753E+01  3.3828E+00  5.2046E-01
  7.9000E+01  1.0121E+01  1.5263E+01 -5.1421E+00 -9.5175E-01
  7.9000E+01  2.1104E+01  1.4092E+01  7.0120E+00  1.2527E+00
  7.9000E+01  1.1738E+01  1.1105E+01  6.3280E-01  8.6638E-02
  7.9000E+01  1.1783E+01  8.9074E+00  2.8760E+00  7.3929E-01
  7.9000E+01  6.7502E+00  7.2906E+00 -5.4041E-01 -2.3537E-01
  7.9000E+01  5.2177E+00  5.2202E+00 -2.4552E-03 -5.6761E-02
  7.9000E+01  2.3288E+00  4.0863E+00 -1.7575E+00 -9.4168E-01
  7.9000E+01  2.0366E+00  3.0955E+00 -1.0589E+00 -6.9227E-01
  7.9000E+01  3.8916E+00  2.7449E+00  1.1467E+00  7.0578E-01
  7.9000E+01  2.7742E+00  2.4732E+00  3.0101E-01  1.6590E-01
  8.0000E+01  0.0000E+00  0.0000E+00  0.0000E+00  0.0000E+00
  8.0000E+01  0.0000E+00  0.0000E+00  0.0000E+00  0.0000E+00
  8.0000E+01  8.5087E+00  1.5693E+01 -7.1841E+00 -1.3481E+00
  8.0000E+01  2.1089E+01  1.5753E+01  5.3359E+00  7.7217E-01
  8.0000E+01  2.2702E+01  1.5263E+01  7.4389E+00  1.1569E+00
  8.0000E+01  2.2633E+01  1.4092E+01  8.5410E+00  1.4550E+00
  8.0000E+01  6.6535E+00  1.1105E+01 -4.4514E+00 -1.1639E+00
  8.0000E+01  1.1995E+01  8.9074E+00  3.0874E+00  7.2302E-01
  8.0000E+01  9.3017E+00  7.2906E+00  2.0111E+00  5.3014E-01
  8.0000E+01  4.6019E+00  5.2202E+00 -6.1826E-01 -3.7640E-01
  8.0000E+01  1.2952E+00  4.0863E+00 -2.7911E+00 -1.5148E+00
  8.0000E+01  1.4146E+00  3.0955E+00 -1.6809E+00 -1.1117E+00
  8.0000E+01  2.6887E+00  2.7449E+00 -5.6194E-02 -1.1986E-01
  8.0000E+01  1.0939E+00  2.4732E+00 -1.3793E+00 -1.0395E+00
  8.1000E+01  0.0000E+00  0.0000E+00  0.0000E+00  0.0000E+00
  8.1000E+01  0.0000E+00  0.0000E+00  0.0000E+00  0.0000E+00
  8.1000E+01  8.4213E+00  1.5693E+01 -7.2715E+00 -1.5207E+00
  8.1000E+01  2.5944E+01  1.5753E+01  1.0191E+01  1.4181E+00
  8.1000E+01  1.0357E+01  1.5263E+01 -4.9062E+00 -1.1816E+00
  8.1000E+01  1.5699E+01  1.4092E+01  1.6066E+00 -3.9855E-02
  8.1000E+01  2.2211E+01  1.1105E+01  1.1106E+01  2.1963E+00
  8.1000E+01  1.2412E+01  8.9074E+00  3.5044E+00  5.9864E-01
  8.1000E+01  5.9205E+00  7.2906E+00 -1.3701E+00 -8.3003E-01
  8.1000E+01  9.2323E+00  5.2202E+00  4.0121E+00  1.3189E+00
  8.1000E+01  8.0446E+00  4.0863E+00  3.9583E+00  1.6293E+00
  8.1000E+01  2.9413E+00  3.0955E+00 -1.5416E-01 -4.4769E-01
  8.1000E+01  3.7919E+00  2.7449E+00  1.0470E+00  3.4326E-01
  8.1000E+01  4.5344E+00  2.4732E+00  2.0612E+00  1.1039E+00
  8.2000E+01  0.0000E+00  0.0000E+00  0.0000E+00  0.0000E+00
  8.2000E+01  0.0000E+00  0.0000E+00  0.0000E+00  0.0000E+00
  8.2000E+01  1.0192E+01  1.5693E+01 -5.5007E+00 -8.7134E-01
  8.2000E+01  1.2355E+01  1.5753E+01 -3.3979E+00 -4.9573E-01
  8.2000E+01  9.1865E+00  1.5263E+01 -6.0766E+00 -9.7509E-01
  8.2000E+01  1.2465E+01  1.4092E+01 -1.6273E+00 -2.2182E-01
  8.2000E+01  1.0213E+01  1.1105E+01 -8.9190E-01 -1.3228E-01
  8.2000E+01  7.4104E+00  8.9074E+00 -1.4970E+00 -3.5311E-01
  8.2000E+01  1.3136E+01  7.2906E+00  5.8453E+00  1.9645E+00
  8.2000E+01  7.5294E+00  5.2202E+00  2.3092E+00  1.0131E+00
  8.2000E+01  1.5551E+00  4.0863E+00 -2.5312E+00 -1.2591E+00
  8.2000E+01  5.0485E+00  3.0955E+00  1.9530E+00  1.1979E+00
  8.2000E+01  5.1032E+00  2.7449E+00  2.3583E+00  1.5508E+00
  8.2000E+01  5.7898E+00  2.4732E+00  3.3166E+00  2.3135E+00
  8.3000E+01  0.0000E+00  0.0000E+00  0.0000E+00  0.0000E+00
  8.3000E+01  0.0000E+00  0.0000E+00  0.0000E+00  0.0000E+00
  8.3000E+01  1.9160E+01  1.5693E+01  3.4674E+00  2.4209E-01
  8.3000E+01  2.0467E+01  1.5753E+01  4.7142E+00  4.0112E-01
  8.3000E+01  2.2066E+01  1.5263E+01  6.8026E+00  7.6745E-01
  8.3000E+01  1.9244E+01  1.4092E+01  5.1512E+00  5.3263E-01
  8.3000E+01  1.7210E+01  1.1105E+01  6.1055E+00  9.6306E-01
  8.3000E+01  1.0009E+01  8.9074E+00  1.1012E+00 -1.4101E-01
  8.3000E+01  8.9491E+00  7.2906E+00  1.6585E+00  9.8195E-02
  8.3000E+01  7.0993E+00  5.2202E+00  1.8791E+00  3.6861E-01
  8.3000E+01  5.3960E+00  4.0863E+00  1.3097E+00  2.5536E-01
  8.3000E+01  1.9563E+00  3.0955E+00 -1.1392E+00 -1.0691E+00
  8.3000E+01  2.5924E+00  2.7449E+00 -1.5249E-01 -4.6053E-01
  8.3000E+01  2.4413E+00  2.4732E+00 -3.1886E-02 -3.6922E-01
  8.4000E+01  0.0000E+00  0.0000E+00  0.0000E+00  0.0000E+00
  8.4000E+01  0.0000E+00  0.0000E+00  0.0000E+00  0.0000E+00
  8.4000E+01  1.5694E+01  1.5693E+01  1.4303E-03 -9.3935E-01
  8.4000E+01  2.5794E+01  1.5753E+01  1.0041E+01  6.3914E-01
  8.4000E+01  4.6317E+01  1.5263E+01  3.1054E+01  4.2941E+00
  8.4000E+01  2.8947E+01  1.4092E+01  1.4854E+01  1.6256E+00
  8.4000E+01  1.5942E+01  1.1105E+01  4.8369E+00 -7.6548E-02
  8.4000E+01  1.3489E+01  8.9074E+00  4.5821E+00  6.4872E-02
  8.4000E+01  1.2976E+01  7.2906E+00  5.6854E+00  6.5324E-01
  8.4000E+01  7.8468E+00  5.2202E+00  2.6266E+00 -5.8889E-02
  8.4000E+01  8.6918E+00  4.0863E+00  4.6055E+00  1.2079E+00
  8.4000E+01  4.3340E+00  3.0955E+00  1.2385E+00 -2.8908E-01
  8.4000E+01  4.5494E+00  2.7449E+00  1.8045E+00  1.7990E-01
  8.4000E+01  3.9123E+00  2.4732E+00  1.4391E+00  3.5868E-02
  8.5000E+01  0.0000E+00  0.0000E+00  0.0000E+00  0.0000E+00
  8.5000E+01  0.0000E+00  0.0000E+00  0.0000E+00  0.0000E+00
  8.5000E+01  4.6599E+00  1.5693E+01 -1.1033E+01 -1.3822E+00
  8.5000E+01  9.1586E+00  1.5753E+01 -6.5945E+00 -5.4347E-01
  8.5000E+01  6.0525E+00  1.5263E+01 -9.2106E+00 -1.0021E+00
  8.5000E+01  8.9079E+00  1.4092E+01 -5.1844E+00 -3.4894E-01
  8.5000E+01  3.0755E+00  1.1105E+01 -8.0294E+00 -1.2119E+00
  8.5000E+01  6.4037E+00  8.9074E+00 -2.5037E+00 -5.3704E-02
  8.5000E+01  6.4434E+00  7.2906E+00 -8.4721E-01  3.5985E-01
  8.5000E+01  2.9615E+00  5.2202E+00 -2.2587E+00 -3.4556E-01
  8.5000E+01  3.9126E+00  4.0863E+00 -1.7368E-01  4.9343E-01
  8.5000E+01  2.2770E+00  3.0955E+00 -8.1846E-01  3.7691E-02
  8.5000E+01  2.8515E+00  2.7449E+00  1.0661E-01  5.8338E-01
  8.5000E+01  3.3991E+00  2.4732E+00  9.2591E-01  1.1393E+00
  8.6000E+01  0.0000E+00  0.0000E+00  0.0000E+00  0.0000E+00
  8.6000E+01  0.0000E+00  0.0000E+00  0.0000E+00  0.0000E+00
  8.6000E+01  2.0065E+01  1.5693E+01  4.3719E+00  2.4108E-01
  8.6000E+01  2.4962E+01  1.5753E+01  9.2088E+00  9.8689E-01
  8.6000E+01  3.9591E+01  1.5263E+01  2.4328E+01  3.6355E+00
  8.6000E+01  1.2400E+01  1.4092E+01 -1.6921E+00 -9.3478E-01
  8.6000E+01  1.6024E+01  1.1105E+01  4.9188E+00  5.0065E-01
  8.6000E+01  8.7375E+00  8.9074E+00 -1.6987E-01 -6.8015E-01
  8.6000E+01  1.1629E+01  7.2906E+00  4.3387E+00  7.9411E-01
  8.6000E+01  7.1033E+00  5.2202E+00  1.8831E+00  2.0242E-01
  8.6000E+01  4.6845E+00  4.0863E+00  5.9822E-01 -2.6006E-01
  8.6000E+01  2.5192E+00  3.0955E+00 -5.7626E-01 -8.6604E-01
  8.6000E+01  1.5339E+00  2.7449E+00 -1.2110E+00 -1.2865E+00
  8.6000E+01  9.2650E-01  2.4732E+00 -1.5467E+00 -1.5511E+00
  8.7000E+01  0.0000E+00  0.0000E+00  0.0000E+00  0.0000E+00
  8.7000E+01  0.0000E+00  0.0000E+00  0.0000E+00  0.0000E+00
  8.7000E+01  1.4329E+01  1.5693E+01 -1.3635E+00 -5.8882E-02
  8.7000E+01  2.3841E+01  1.5753E+01  8.0882E+00  1.5701E+00
  8.7000E+01  1.2902E+01  1.5263E+01 -2.3607E+00 -2.0321E-01
  8.7000E+01  1.2821E+01  1.4092E+01 -1.2711E+00 -1.9891E-02
  8.7000E+01  7.2213E+00  1.1105E+01 -3.8836E+00 -6.5918E-01
  8.7000E+01  5.2697E+00  8.9074E+00 -3.6377E+00 -7.6240E-01
  8.7000E+01  3.7530E+00  7.2906E+00 -3.5376E+00 -9.0171E-01
  8.7000E+01  1.8086E+00  5.2202E+00 -3.4116E+00 -1.1854E+00
  8.7000E+01  0.0000E+00  4.0863E+00  0.0000E+00  0.0000E+00
  8.7000E+01  1.9344E+00  3.0955E+00 -1.1611E+00 -4.5892E-01
  8.7000E+01  0.0000E+00  2.7449E+00  0.0000E+00  0.0000E+00
  8.7000E+01  3.5670E-01  2.4732E+00 -2.1165E+00 -1.2405E+00
  8.8000E+01  0.0000E+00  0.0000E+00  0.0000E+00  0.0000E+00
  8.8000E+01  0.0000E+00  0.0000E+00  0.0000E+00  0.0000E+00
  8.8000E+01  1.0015E+01  1.5693E+01 -5.6774E+00 -8.5388E-01
  8.8000E+01  1.4595E+01  1.5753E+01 -1.1576E+00 -6.1671E-02
  8.8000E+01  1.2599E+01  1.5263E+01 -2.6637E+00 -3.2359E-01
  8.8000E+01  1.4190E+01  1.4092E+01  9.7199E-02  1.6091E-01
  8.8000E+01  7.1794E+00  1.1105E+01 -3.9255E+00 -7.6295E-01
  8.8000E+01  7.7592E+00  8.9074E+00 -1.1482E+00 -1.8271E-01
  8.8000E+01  3.7674E+00  7.2906E+00 -3.5232E+00 -1.0231E+00
  8.8000E+01  5.5304E+00  5.2202E+00  3.1024E-01  2.4724E-01
  8.8000E+01  8.0444E+00  4.0863E+00  3.9581E+00  2.1063E+00
  8.8000E+01  5.3957E+00  3.0955E+00  2.3002E+00  1.4892E+00
  8.8000E+01  2.9583E+00  2.7449E+00  2.1341E-01  2.2332E-01
  8.8000E+01  3.8033E+00  2.4732E+00  1.3301E+00  1.0055E+00
  8.9000E+01  0.0000E+00  0.0000E+00  0.0000E+00  0.0000E+00
  8.9000E+01  0.0000E+00  0.0000E+00  0.0000E+00  0.0000E+00
  8.9000E+01  1.0724E+01  1.5693E+01 -4.9686E+00 -1.3542E+00
  8.9000E+01  2.0467E+01  1.5753E+01  4.7143E+00  2.3036E-01
  8.9000E+01  2.1081E+01  1.5263E+01  5.8179E+00  4.1581E-01
  8.9000E+01  2.1122E+01  1.4092E+01  7.0294E+00  6.9417E-01
  8.9000E+01  2.3613E+01  1.1105E+01  1.2508E+01  2.2294E+00
  8.9000E+01  1.6006E+01  8.9074E+00  7.0983E+00  1.3022E+00
  8.9000E+01  5.5448E+00  7.2906E+00 -1.7458E+00 -1.2476E+00
  8.9000E+01  9.1082E+00  5.2202E+00  3.8880E+00  9.7915E-01
  8.9000E+01  6.4760E+00  4.0863E+00  2.3897E+00  5.6041E-01
  8.9000E+01  6.0141E+00  3.0955E+00  2.9186E+00  1.1657E+00
  8.9000E+01  5.7146E+00  2.7449E+00  2.9697E+00  1.3566E+00
  8.9000E+01  3.9062E+00  2.4732E+00  1.4330E+00  4.2773E-01
  9.0000E+01  0.0000E+00  0.0000E+00  0.0000E+00  0.0000E+00
  9.0000E+01  0.0000E+00  0.0000E+00  0.0000E+00  0.0000E+00
  9.0000E+01  9.9353E+00  1.5693E+01 -5.7575E+00 -8.4407E-01
  9.0000E+01  1.0091E+01  1.5753E+01 -5.6618E+00 -7.9937E-01
  9.0000E+01  2.0385E+01  1.5263E+01  5.1220E+00  1.0605E+00
  9.0000E+01  1.1250E+01  1.4092E+01 -2.8425E+00 -3.5958E-01
  9.0000E+01  4.3025E+00  1.1105E+01 -6.8024E+00 -1.3954E+00
  9.0000E+01  7.1249E+00  8.9074E+00 -1.7825E+00 -3.2834E-01
  9.0000E+01  4.2457E+00  7.2906E+00 -3.0449E+00 -8.3607E-01
  9.0000E+01  8.5580E+00  5.2202E+00  3.3378E+00  1.5608E+00
  9.0000E+01  5.0300E+00  4.0863E+00  9.4372E-01  6.0967E-01
  9.0000E+01  5.2014E+00  3.0955E+00  2.1059E+00  1.3975E+00
  9.0000E+01  5.9068E+00  2.7449E+00  3.1619E+00  2.1813E+00
  9.0000E+01  1.6500E+00  2.4732E+00 -8.2319E-01 -4.7085E-01
  9.1000E+01  0.0000E+00  0.0000E+00  0.0000E+00  0.0000E+00
  9.1000E+01  0.0000E+00  0.0000E+00  0.0000E+00  0.0000E+00
  9.1000E+01  1.1373E+01  1.5693E+01 -4.3193E+00 -6.1557E-01
  9.1000E+01  1.4050E+01  1.5753E+01 -1.7031E+00 -1.4816E-01
  9.1000E+01  2.0346E+01  1.5263E+01  5.0824E+00  1.0330E+00
  9.1000E+01  1.1592E+01  1.4092E+01 -2.5006E+00 -3.1426E-01
  9.1000E+01  8.1148E+00  1.1105E+01 -2.9901E+00 -5.2806E-01
  9.1000E+01  5.4441E+00  8.9074E+00 -3.4633E+00 -7.9698E-01
  9.1000E+01  7.4958E+00  7.2906E+00  2.0519E-01  2.3336E-01
  9.1000E+01  5.7760E+00  5.2202E+00  5.5584E-01  3.9974E-01
  9.1000E+01  3.1287E+00  4.0863E+00 -9.5758E-01 -3.2587E-01
  9.1000E+01  3.0388E+00  3.0955E+00 -5.6660E-02  1.1443E-01
  9.1000E+01  1.9192E+00  2.7449E+00 -8.2569E-01 -3.9740E-01
  9.1000E+01  1.7789E+00  2.4732E+00 -6.9429E-01 -3.4480E-01
  9.2000E+01  0.0000E+00  0.0000E+00  0.0000E+00  0.0000E+00
  9.2000E+01  0.0000E+00  0.0000E+00  0.0000E+00  0.0000E+00
  9.2000E+01  1.5008E+01  1.5693E+01 -6.8527E-01 -2.8935E-01
  9.2000E+01  2.3246E+01  1.5753E+01  7.4932E+00  1.0765E+00
  9.2000E+01  2.3474E+01  1.5263E+01  8.2106E+00  1.2265E+00
  9.2000E+01  1.7311E+01  1.4092E+01  3.2192E+00  3.9350E-01
  9.2000E+01  9.9665E+00  1.1105E+01 -1.1384E+00 -4.7105E-01
  9.2000E+01  6.8828E+00  8.9074E+00 -2.0246E+00 -7.6800E-01
  9.2000E+01  1.0021E+01  7.2906E+00  2.7307E+00  6.9315E-01
  9.2000E+01  4.8585E+00  5.2202E+00 -3.6166E-01 -3.3938E-01
  9.2000E+01  3.1175E+00  4.0863E+00 -9.6878E-01 -6.6255E-01
  9.2000E+01  2.9902E+00  3.0955E+00 -1.0526E-01 -2.1887E-01
  9.2000E+01  2.8428E+00  2.7449E+00  9.7906E-02 -8.2668E-02
  9.2000E+01  6.5450E-01  2.4732E+00 -1.8187E+00 -1.4077E+00
  9.3000E+01  0.0000E+00  0.0000E+00  0.0000E+00  0.0000E+00
  9.3000E+01  0.0000E+00  0.0000E+00  0.0000E+00  0.0000E+00
  9.3000E+01  9.0624E+00  1.5693E+01 -6.6304E+00 -7.7578E-01
  9.3000E+01  8.6105E+00  1.5753E+01 -7.1426E+00 -8.0414E-01
  9.3000E+01  1.4714E+01  1.5263E+01 -5.4915E-01  3.3179E-01
  9.3000E+01  7.8275E+00  1.4092E+01 -6.2648E+00 -7.2897E-01
  9.3000E+01  6.1983E+00  1.1105E+01 -4.9066E+00 -6.7002E-01
  9.3000E+01  1.1308E+01  8.9074E+00  2.4002E+00  1.1353E+00
  9.3000E+01  5.6512E+00  7.2906E+00 -1.6394E+00 -6.5279E-02
  9.3000E+01  3.0318E+00  5.2202E+00 -2.1884E+00 -4.6633E-01
  9.3000E+01  1.6450E-01  4.0863E+00 -3.9218E+00 -1.5398E+00
  9.3000E+01  0.0000E+00  3.0955E+00  0.0000E+00  0.0000E+00
  9.3000E+01  1.5973E+00  2.7449E+00 -1.1476E+00 -3.5162E-01
  9.3000E+01  0.0000E+00  2.4732E+00  0.0000E+00  0.0000E+00
  9.4000E+01  0.0000E+00  0.0000E+00  0.0000E+00  0.0000E+00
  9.4000E+01  0.0000E+00  0.0000E+00  0.0000E+00  0.0000E+00
  9.4000E+01  2.7159E+01  1.5693E+01  1.1466E+01  4.7028E-01
  9.4000E+01  5.8469E+01  1.5753E+01  4.2716E+01  5.5563E+00
  9.4000E+01  2.8904E+01  1.5263E+01  1.3641E+01  6.0221E-01
  9.4000E+01  2.1468E+01  1.4092E+01  7.3760E+00 -4.5564E-01
  9.4000E+01  2.8467E+01  1.1105E+01  1.7362E+01  2.0860E+00
  9.4000E+01  9.1185E+00  8.9074E+00  2.1113E-01 -1.8938E+00
  9.4000E+01  1.8515E+01  7.2906E+00  1.1224E+01  1.7082E+00
  9.4000E+01  1.2119E+01  5.2202E+00  6.8989E+00  9.9694E-01
  9.4000E+01  1.1092E+01  4.0863E+00  7.0056E+00  1.6856E+00
  9.4000E+01  1.3203E+01  3.0955E+00  1.0107E+01  4.4099E+00
  9.4000E+01  6.8030E+00  2.7449E+00  4.0581E+00  9.8101E-01
  9.4000E+01  7.4894E+00  2.4732E+00  5.0162E+00  1.8732E+00
  9.5000E+01  0.0000E+00  0.0000E+00  0.0000E+00  0.0000E+00
  9.5000E+01  0.0000E+00  0.0000E+00  0.0000E+00  0.0000E+00
  9.5000E+01  1.5729E+01  1.5693E+01  3.5930E-02 -7.2208E-01
  9.5000E+01  3.5376E+01  1.5753E+01  1.9623E+01  2.5049E+00
  9.5000E+01  1.8798E+01  1.5263E+01  3.5351E+00 -2.4883E-01
  9.5000E+01  2.2576E+01  1.4092E+01  8.4836E+00  6.9166E-01
  9.5000E+01  1.7900E+01  1.1105E+01  6.7949E+00  6.3422E-01
  9.5000E+01  1.5784E+01  8.9074E+00  6.8762E+00  9.6056E-01
  9.5000E+01  1.5612E+01  7.2906E+00  8.3216E+00  1.7702E+00
  9.5000E+01  8.8273E+00  5.2202E+00  3.6071E+00  5.9789E-01
  9.5000E+01  1.0457E+01  4.0863E+00  6.3712E+00  2.3282E+00
  9.5000E+01  3.6841E+00  3.0955E+00  5.8864E-01 -4.7687E-01
  9.5000E+01  4.0761E+00  2.7449E+00  1.3312E+00  6.8268E-02
  9.5000E+01  8.7570E-01  2.4732E+00 -1.5975E+00 -1.8901E+00
  9.6000E+01  0.0000E+00  0.0000E+00  0.0000E+00  0.0000E+00
  9.6000E+01  0.0000E+00  0.0000E+00  0.0000E+00  0.0000E+00
  9.6000E+01  2.3515E+01  1.5693E+01  7.8227E+00  6.4098E-01
  9.6000E+01  2.3607E+01  1.5753E+01  7.8535E+00  5.4038E-01
  9.6000E+01  1.8617E+01  1.5263E+01  3.3535E+00 -2.4533E-01
  9.6000E+01  3.6209E+01  1.4092E+01  2.2116E+01  3.2780E+00
  9.6000E+01  1.6589E+01  1.1105E+01  5.4837E+00  3.8074E-01
  9.6000E+01  1.5863E+01  8.9074E+00  6.9551E+00  1.0394E+00
  9.6000E+01  1.5122E+01  7.2906E+00  7.8314E+00  1.6739E+00
  9.6000E+01  2.8071E+00  5.2202E+00 -2.4131E+00 -1.8817E+00
  9.6000E+01  4.8614E+00  4.0863E+00  7.7512E-01 -4.2599E-01
  9.6000E+01  3.9325E+00  3.0955E+00  8.3704E-01 -2.4750E-01
  9.6000E+01  1.7178E+00  2.7449E+00 -1.0271E+00 -1.3997E+00
  9.6000E+01  4.4831E+00  2.4732E+00  2.0099E+00  7.0130E-01
  9.7000E+01  0.0000E+00  0.0000E+00  0.0000E+00  0.0000E+00
  9.7000E+01  0.0000E+00  0.0000E+00  0.0000E+00  0.0000E+00
  9.7000E+01  7.0385E+00  1.5693E+01 -8.6543E+00 -1.9285E+00
  9.7000E+01  2.0887E+01  1.5753E+01  5.1343E+00  3.6584E-01
  9.7000E+01  3.3412E+01  1.5263E+01  1.8149E+01  2.6322E+00
  9.7000E+01  1.7111E+01  1.4092E+01  3.0192E+00  1.9025E-02
  9.7000E+01  2.0275E+01  1.1105E+01  9.1702E+00  1.5495E+00
  9.7000E+01  1.6983E+01  8.9074E+00  8.0751E+00  1.6746E+00
  9.7000E+01  1.1916E+01  7.2906E+00  4.6258E+00  9.4886E-01
  9.7000E+01  3.9115E+00  5.2202E+00 -1.3087E+00 -1.0989E+00
  9.7000E+01  2.0394E+00  4.0863E+00 -2.0469E+00 -1.5529E+00
  9.7000E+01  4.9456E+00  3.0955E+00  1.8501E+00  6.4863E-01
  9.7000E+01  2.7932E+00  2.7449E+00  4.8306E-02 -4.2585E-01
  9.7000E+01  9.8040E-01  2.4732E+00 -1.4928E+00 -1.4807E+00
  9.8000E+01  0.0000E+00  0.0000E+00  0.0000E+00  0.0000E+00
  9.8000E+01  0.0000E+00  0.0000E+00  0.0000E+00  0.0000E+00
  9.8000E+01  1.2400E+01  1.5693E+01 -3.2930E+00 -6.2159E-01
  9.8000E+01  1.3955E+01  1.5753E+01 -1.7985E+00 -3.7009E-01
  9.8000E+01  1.4509E+01  1.5263E+01 -7.5385E-01 -1.9997E-01
  9.8000E+01  1.4893E+01  1.4092E+01  8.0050E-01  7.6758E-02
  9.8000E+01  1.5828E+01  1.1105E+01  4.7228E+00  1.0056E+00
  9.8000E+01  7.6417E+00  8.9074E+00 -1.2657E+00 -4.4056E-01
  9.8000E+01  7.0716E+00  7.2906E+00 -2.1901E-01 -1.6639E-01
  9.8000E+01  7.2175E+00  5.2202E+00  1.9973E+00  7.4612E-01
  9.8000E+01  5.4597E+00  4.0863E+00  1.3734E+00  5.9263E-01
  9.8000E+01  5.4382E+00  3.0955E+00  2.3427E+00  1.3250E+00
  9.8000E+01  2.8443E+00  2.7449E+00  9.9406E-02 -3.3627E-02
  9.8000E+01  3.5697E+00  2.4732E+00  1.0965E+00  6.6736E-01
  9.9000E+01  0.0000E+00  0.0000E+00  0.0000E+00  0.0000E+00
  9.9000E+01  0.0000E+00  0.0000E+00  0.0000E+00  0.0000E+00
  9.9000E+01  1.0677E+01  1.5693E+01 -5.0163E+00 -9.2422E-01
  9.9000E+01  2.1845E+01  1.5753E+01  6.0918E+00  9.6025E-01
  9.9000E+01  6.6908E+00  1.5263E+01 -8.5723E+00 -1.5702E+00
  9.9000E+01  2.1728E+01  1.4092E+01  7.6359E+00  1.3473E+00
  9.9000E+01  1.0880E+01  1.1105E+01 -2.2490E-01 -1.3460E-01
  9.9000E+01  1.3840E+01  8.9074E+00  4.9329E+00  1.2854E+00
  9.9000E+01  9.4406E+00  7.2906E+00  2.1500E+00  6.1932E-01
  9.9000E+01  3.8851E+00  5.2202E+00 -1.3351E+00 -6.4752E-01
  9.9000E+01  3.8618E+00  4.0863E+00 -2.2448E-01 -1.9106E-01
  9.9000E+01  3.1446E+00  3.0955E+00  4.9140E-02 -4.1528E-02
  9.9000E+01  2.5243E+00  2.7449E+00 -2.2059E-01 -2.1302E-01
  9.9000E+01  1.6076E+00  2.4732E+00 -8.6559E-01 -6.6913E-01
  1.0000E+02  0.0000E+00  0.0000E+00  0.0000E+00  0.0000E+00
  1.0000E+02  0.0000E+00  0.0000E+00  0.0000E+00  0.0000E+00
  1.0000E+02  7.3699E+00  1.5693E+01 -8.3229E+00 -1.0221E+00
  1.0000E+02  1.2044E+01  1.5753E+01 -3.7090E+00 -1.7193E-01
  1.0000E+02  8.5961E+00  1.5263E+01 -6.6670E+00 -6.8237E-01
  1.0000E+02  4.8593E+00  1.4092E+01 -9.2330E+00 -1.2316E+00
  1.0000E+02  1.1230E+01  1.1105E+01  1.2530E-01  5.3880E-01
  1.0000E+02  7.2003E+00  8.9074E+00 -1.7071E+00  4.2455E-02
  1.0000E+02  3.4851E+00  7.2906E+00 -3.8055E+00 -7.2963E-01
  1.0000E+02  5.8885E+00  5.2202E+00  6.6834E-01  7.8317E-01
  1.0000E+02  2.8094E+00  4.0863E+00 -1.2769E+00 -1.6843E-01
  1.0000E+02  1.1536E+00  3.0955E+00 -1.9419E+00 -7.3842E-01
  1.0000E+02  3.0716E+00  2.7449E+00  3.2671E-01  6.4016E-01
  1.0000E+02  1.1172E+00  2.4732E+00 -1.3560E+00 -5.3441E-01
